,Kline open time,Open price,High price,Low price,Close price,Volume,Kline Close time,Quote asset volume,Number of trades,Taker buy base asset volume,Taker buy quote asset volume,"Unused field, ignore"
0,1667946900000,0.65900000,0.65900000,0.65900000,0.65900000,0.00000000,1667946959999,0.00000000,0,0.00000000,0.00000000,0
1,1667946960000,0.65900000,0.65900000,0.65900000,0.65900000,0.00000000,1667947019999,0.00000000,0,0.00000000,0.00000000,0
2,1667947020000,0.65800000,0.65900000,0.65800000,0.65900000,162.00000000,1667947079999,106.65360000,2,57.60000000,37.95840000,0
3,1667947080000,0.65900000,0.65900000,0.65900000,0.65900000,0.00000000,1667947139999,0.00000000,0,0.00000000,0.00000000,0
4,1667947140000,0.65900000,0.65900000,0.65800000,0.65900000,198.40000000,1667947199999,130.72960000,4,182.40000000,120.20160000,0
5,1667947200000,0.65800000,0.65800000,0.65700000,0.65700000,569.10000000,1667947259999,374.27170000,8,0.00000000,0.00000000,0
6,1667947260000,0.65900000,0.65900000,0.65900000,0.65900000,99.00000000,1667947319999,65.24100000,1,99.00000000,65.24100000,0
7,1667947320000,0.65700000,0.65700000,0.65700000,0.65700000,214.80000000,1667947379999,141.12360000,2,0.00000000,0.00000000,0
8,1667947380000,0.65700000,0.65700000,0.65700000,0.65700000,54.60000000,1667947439999,35.87220000,1,0.00000000,0.00000000,0
9,1667947440000,0.65700000,0.65700000,0.65700000,0.65700000,0.00000000,1667947499999,0.00000000,0,0.00000000,0.00000000,0
10,1667947500000,0.65700000,0.65700000,0.65700000,0.65700000,0.00000000,1667947559999,0.00000000,0,0.00000000,0.00000000,0
11,1667947560000,0.65900000,0.65900000,0.65700000,0.65700000,102.70000000,1667947619999,67.62410000,2,75.10000000,49.49090000,0
12,1667947620000,0.65700000,0.65700000,0.65700000,0.65700000,0.00000000,1667947679999,0.00000000,0,0.00000000,0.00000000,0
13,1667947680000,0.65700000,0.65700000,0.65700000,0.65700000,26.00000000,1667947739999,17.08200000,1,0.00000000,0.00000000,0
14,1667947740000,0.65700000,0.65700000,0.65600000,0.65600000,2340.70000000,1667947799999,1536.73120000,17,0.00000000,0.00000000,0
15,1667947800000,0.65700000,0.65700000,0.65700000,0.65700000,48.10000000,1667947859999,31.60170000,1,48.10000000,31.60170000,0
16,1667947860000,0.65600000,0.65700000,0.65600000,0.65700000,1733.50000000,1667947919999,1138.85020000,5,1674.20000000,1099.94940000,0
17,1667947920000,0.65700000,0.65700000,0.65700000,0.65700000,0.00000000,1667947979999,0.00000000,0,0.00000000,0.00000000,0
18,1667947980000,0.65600000,0.65700000,0.65600000,0.65700000,349.60000000,1667948039999,229.67180000,5,334.20000000,219.56940000,0
19,1667948040000,0.65700000,0.65700000,0.65700000,0.65700000,719.10000000,1667948099999,472.44870000,17,719.10000000,472.44870000,0
20,1667948100000,0.65700000,0.65700000,0.65700000,0.65700000,0.00000000,1667948159999,0.00000000,0,0.00000000,0.00000000,0
21,1667948160000,0.65700000,0.65700000,0.65700000,0.65700000,23.70000000,1667948219999,15.57090000,1,23.70000000,15.57090000,0
22,1667948220000,0.65700000,0.65700000,0.65700000,0.65700000,25.70000000,1667948279999,16.88490000,1,25.70000000,16.88490000,0
23,1667948280000,0.65600000,0.65600000,0.65600000,0.65600000,354.10000000,1667948339999,232.28960000,5,0.00000000,0.00000000,0
24,1667948340000,0.65700000,0.65700000,0.65700000,0.65700000,906.40000000,1667948399999,595.50480000,4,906.40000000,595.50480000,0
25,1667948400000,0.65700000,0.65700000,0.65500000,0.65500000,6710.70000000,1667948459999,4399.65720000,23,2352.30000000,1543.78650000,0
26,1667948460000,0.65400000,0.65400000,0.65400000,0.65400000,1546.90000000,1667948519999,1011.67260000,6,0.00000000,0.00000000,0
27,1667948520000,0.65500000,0.65500000,0.65400000,0.65500000,241.70000000,1667948579999,158.17090000,3,99.10000000,64.91050000,0
28,1667948580000,0.65500000,0.65600000,0.65500000,0.65600000,4427.20000000,1667948639999,2899.98070000,15,4015.70000000,2630.44820000,0
29,1667948640000,0.65600000,0.65600000,0.65600000,0.65600000,209.70000000,1667948699999,137.56320000,4,209.70000000,137.56320000,0
30,1667948700000,0.65600000,0.65600000,0.65600000,0.65600000,1184.80000000,1667948759999,777.22880000,18,1184.80000000,777.22880000,0
31,1667948760000,0.65600000,0.65600000,0.65600000,0.65600000,163.00000000,1667948819999,106.92800000,2,163.00000000,106.92800000,0
32,1667948820000,0.65600000,0.65600000,0.65600000,0.65600000,0.00000000,1667948879999,0.00000000,0,0.00000000,0.00000000,0
33,1667948880000,0.65600000,0.65600000,0.65600000,0.65600000,21.90000000,1667948939999,14.36640000,1,21.90000000,14.36640000,0
34,1667948940000,0.65600000,0.65600000,0.65600000,0.65600000,26.20000000,1667948999999,17.18720000,1,26.20000000,17.18720000,0
35,1667949000000,0.65600000,0.65600000,0.65600000,0.65600000,863.00000000,1667949059999,566.12800000,6,863.00000000,566.12800000,0
36,1667949060000,0.65600000,0.65600000,0.65600000,0.65600000,16.70000000,1667949119999,10.95520000,1,16.70000000,10.95520000,0
37,1667949120000,0.65600000,0.65600000,0.65600000,0.65600000,0.00000000,1667949179999,0.00000000,0,0.00000000,0.00000000,0
38,1667949180000,0.65600000,0.65600000,0.65600000,0.65600000,74.10000000,1667949239999,48.60960000,3,74.10000000,48.60960000,0
39,1667949240000,0.65600000,0.65600000,0.65600000,0.65600000,29.70000000,1667949299999,19.48320000,1,29.70000000,19.48320000,0
40,1667949300000,0.65600000,0.65600000,0.65600000,0.65600000,0.00000000,1667949359999,0.00000000,0,0.00000000,0.00000000,0
41,1667949360000,0.65500000,0.65500000,0.65500000,0.65500000,237.40000000,1667949419999,155.49700000,5,0.00000000,0.00000000,0
42,1667949420000,0.65500000,0.65500000,0.65500000,0.65500000,464.40000000,1667949479999,304.18200000,3,0.00000000,0.00000000,0
43,1667949480000,0.65500000,0.65600000,0.65500000,0.65500000,598.10000000,1667949539999,391.77110000,5,15.60000000,10.23360000,0
44,1667949540000,0.65500000,0.65500000,0.65500000,0.65500000,105.50000000,1667949599999,69.10250000,1,0.00000000,0.00000000,0
45,1667949600000,0.65500000,0.65500000,0.65500000,0.65500000,1085.00000000,1667949659999,710.67500000,8,0.00000000,0.00000000,0
46,1667949660000,0.65500000,0.65500000,0.65500000,0.65500000,97.90000000,1667949719999,64.12450000,1,0.00000000,0.00000000,0
47,1667949720000,0.65500000,0.65600000,0.65500000,0.65600000,767.80000000,1667949779999,502.95010000,5,41.10000000,26.96160000,0
48,1667949780000,0.65600000,0.65600000,0.65600000,0.65600000,0.00000000,1667949839999,0.00000000,0,0.00000000,0.00000000,0
49,1667949840000,0.65600000,0.65600000,0.65600000,0.65600000,0.00000000,1667949899999,0.00000000,0,0.00000000,0.00000000,0
50,1667949900000,0.65600000,0.65700000,0.65600000,0.65700000,5851.00000000,1667949959999,3841.25880000,17,5220.10000000,3426.75750000,0
51,1667949960000,0.65700000,0.65700000,0.65700000,0.65700000,0.00000000,1667950019999,0.00000000,0,0.00000000,0.00000000,0
52,1667950020000,0.65700000,0.65700000,0.65700000,0.65700000,15.20000000,1667950079999,9.98640000,1,15.20000000,9.98640000,0
53,1667950080000,0.65700000,0.65700000,0.65700000,0.65700000,0.00000000,1667950139999,0.00000000,0,0.00000000,0.00000000,0
54,1667950140000,0.65700000,0.65700000,0.65700000,0.65700000,45.00000000,1667950199999,29.56500000,3,45.00000000,29.56500000,0
55,1667950200000,0.65700000,0.65700000,0.65700000,0.65700000,0.00000000,1667950259999,0.00000000,0,0.00000000,0.00000000,0
56,1667950260000,0.65700000,0.65700000,0.65700000,0.65700000,216.80000000,1667950319999,142.43760000,1,216.80000000,142.43760000,0
57,1667950320000,0.65700000,0.65700000,0.65700000,0.65700000,23.60000000,1667950379999,15.50520000,1,23.60000000,15.50520000,0
58,1667950380000,0.65700000,0.65700000,0.65700000,0.65700000,753.60000000,1667950439999,495.11520000,16,753.60000000,495.11520000,0
59,1667950440000,0.65700000,0.65700000,0.65700000,0.65700000,1389.20000000,1667950499999,912.70440000,27,1389.20000000,912.70440000,0
60,1667950500000,0.65700000,0.65700000,0.65700000,0.65700000,3452.50000000,1667950559999,2268.29250000,10,3452.50000000,2268.29250000,0
61,1667950560000,0.65800000,0.65800000,0.65800000,0.65800000,538.40000000,1667950619999,354.26720000,6,481.80000000,317.02440000,0
62,1667950620000,0.65900000,0.66100000,0.65900000,0.66000000,3679.40000000,1667950679999,2427.87610000,23,2344.60000000,1547.35610000,0
63,1667950680000,0.66100000,0.66100000,0.66100000,0.66100000,658.50000000,1667950739999,435.26850000,5,268.90000000,177.74290000,0
64,1667950740000,0.66200000,0.66300000,0.66100000,0.66300000,1803.30000000,1667950799999,1194.89690000,20,1723.90000000,1142.41350000,0
65,1667950800000,0.66200000,0.66300000,0.66200000,0.66200000,86.10000000,1667950859999,57.02460000,3,26.40000000,17.50320000,0
66,1667950860000,0.66300000,0.66300000,0.66200000,0.66200000,67.50000000,1667950919999,44.73020000,2,45.20000000,29.96760000,0
67,1667950920000,0.66200000,0.66200000,0.66200000,0.66200000,0.00000000,1667950979999,0.00000000,0,0.00000000,0.00000000,0
68,1667950980000,0.66300000,0.66600000,0.66300000,0.66400000,2756.40000000,1667951039999,1832.85990000,18,2352.50000000,1565.07420000,0
69,1667951040000,0.66400000,0.66400000,0.66400000,0.66400000,35.40000000,1667951099999,23.50560000,2,35.40000000,23.50560000,0
70,1667951100000,0.66400000,0.66400000,0.66400000,0.66400000,0.00000000,1667951159999,0.00000000,0,0.00000000,0.00000000,0
71,1667951160000,0.66300000,0.66300000,0.66300000,0.66300000,4105.40000000,1667951219999,2721.88020000,30,0.00000000,0.00000000,0
72,1667951220000,0.66300000,0.66300000,0.66300000,0.66300000,228.00000000,1667951279999,151.16400000,6,0.00000000,0.00000000,0
73,1667951280000,0.66400000,0.66400000,0.66200000,0.66200000,111.30000000,1667951339999,73.84540000,2,82.40000000,54.71360000,0
74,1667951340000,0.66200000,0.66200000,0.66200000,0.66200000,0.00000000,1667951399999,0.00000000,0,0.00000000,0.00000000,0
75,1667951400000,0.66200000,0.66200000,0.66200000,0.66200000,0.00000000,1667951459999,0.00000000,0,0.00000000,0.00000000,0
76,1667951460000,0.66400000,0.66400000,0.66200000,0.66200000,2495.70000000,1667951519999,1652.33260000,7,57.10000000,37.91440000,0
77,1667951520000,0.66400000,0.66400000,0.66200000,0.66200000,496.70000000,1667951579999,328.88960000,2,37.10000000,24.63440000,0
78,1667951580000,0.66200000,0.66200000,0.66100000,0.66200000,474.70000000,1667951639999,314.22510000,5,85.20000000,56.40240000,0
79,1667951640000,0.66200000,0.66200000,0.66200000,0.66200000,200.00000000,1667951699999,132.40000000,2,0.00000000,0.00000000,0
80,1667951700000,0.66100000,0.66100000,0.66000000,0.66000000,5771.00000000,1667951759999,3809.07320000,8,0.00000000,0.00000000,0
81,1667951760000,0.66100000,0.66100000,0.66100000,0.66100000,212.60000000,1667951819999,140.52860000,2,212.60000000,140.52860000,0
82,1667951820000,0.66100000,0.66100000,0.66100000,0.66100000,65.00000000,1667951879999,42.96500000,1,65.00000000,42.96500000,0
83,1667951880000,0.66100000,0.66100000,0.66100000,0.66100000,0.00000000,1667951939999,0.00000000,0,0.00000000,0.00000000,0
84,1667951940000,0.66100000,0.66100000,0.66100000,0.66100000,0.00000000,1667951999999,0.00000000,0,0.00000000,0.00000000,0
85,1667952000000,0.66100000,0.66100000,0.66100000,0.66100000,0.00000000,1667952059999,0.00000000,0,0.00000000,0.00000000,0
86,1667952060000,0.66100000,0.66100000,0.66100000,0.66100000,31.50000000,1667952119999,20.82150000,1,0.00000000,0.00000000,0
87,1667952120000,0.66100000,0.66100000,0.65900000,0.65900000,1159.60000000,1667952179999,764.71090000,12,158.60000000,104.69110000,0
88,1667952180000,0.65900000,0.66000000,0.65800000,0.65800000,808.10000000,1667952239999,532.06650000,9,25.20000000,16.63200000,0
89,1667952240000,0.66000000,0.66000000,0.65900000,0.65900000,520.70000000,1667952299999,343.16760000,5,26.30000000,17.35800000,0
90,1667952300000,0.65900000,0.65900000,0.65900000,0.65900000,0.00000000,1667952359999,0.00000000,0,0.00000000,0.00000000,0
91,1667952360000,0.65900000,0.65900000,0.65900000,0.65900000,0.00000000,1667952419999,0.00000000,0,0.00000000,0.00000000,0
92,1667952420000,0.65900000,0.65900000,0.65800000,0.65800000,1905.30000000,1667952479999,1254.59280000,6,0.00000000,0.00000000,0
93,1667952480000,0.65800000,0.65800000,0.65800000,0.65800000,301.40000000,1667952539999,198.32120000,2,0.00000000,0.00000000,0
94,1667952540000,0.65800000,0.65800000,0.65800000,0.65800000,16.70000000,1667952599999,10.98860000,1,0.00000000,0.00000000,0
95,1667952600000,0.65800000,0.65800000,0.65800000,0.65800000,0.00000000,1667952659999,0.00000000,0,0.00000000,0.00000000,0
96,1667952660000,0.65800000,0.65800000,0.65800000,0.65800000,218.70000000,1667952719999,143.90460000,2,0.00000000,0.00000000,0
97,1667952720000,0.65800000,0.65800000,0.65800000,0.65800000,0.00000000,1667952779999,0.00000000,0,0.00000000,0.00000000,0
98,1667952780000,0.65800000,0.65800000,0.65800000,0.65800000,16.70000000,1667952839999,10.98860000,1,0.00000000,0.00000000,0
99,1667952840000,0.65800000,0.66000000,0.65800000,0.66000000,69.30000000,1667952899999,45.69020000,2,45.40000000,29.96400000,0
100,1667952900000,0.65800000,0.66000000,0.65800000,0.66000000,63.00000000,1667952959999,41.53080000,3,38.40000000,25.34400000,0
101,1667952960000,0.66000000,0.66100000,0.66000000,0.66100000,386.70000000,1667953019999,255.24980000,10,386.70000000,255.24980000,0
102,1667953020000,0.66100000,0.66100000,0.66100000,0.66100000,264.20000000,1667953079999,174.63620000,6,264.20000000,174.63620000,0
103,1667953080000,0.66200000,0.66200000,0.66200000,0.66200000,67.50000000,1667953139999,44.68500000,3,67.50000000,44.68500000,0
104,1667953140000,0.66200000,0.66200000,0.66200000,0.66200000,0.00000000,1667953199999,0.00000000,0,0.00000000,0.00000000,0
105,1667953200000,0.66200000,0.66200000,0.66200000,0.66200000,0.00000000,1667953259999,0.00000000,0,0.00000000,0.00000000,0
106,1667953260000,0.66200000,0.66200000,0.66200000,0.66200000,26.80000000,1667953319999,17.74160000,1,26.80000000,17.74160000,0
107,1667953320000,0.66200000,0.66200000,0.66200000,0.66200000,150.00000000,1667953379999,99.30000000,2,150.00000000,99.30000000,0
108,1667953380000,0.66200000,0.66200000,0.66100000,0.66200000,70.90000000,1667953439999,46.91770000,3,52.80000000,34.95360000,0
109,1667953440000,0.66200000,0.66200000,0.66200000,0.66200000,465.80000000,1667953499999,308.35960000,4,465.80000000,308.35960000,0
110,1667953500000,0.66200000,0.66200000,0.66200000,0.66200000,0.00000000,1667953559999,0.00000000,0,0.00000000,0.00000000,0
111,1667953560000,0.66200000,0.66200000,0.66200000,0.66200000,0.00000000,1667953619999,0.00000000,0,0.00000000,0.00000000,0
112,1667953620000,0.66200000,0.66200000,0.66200000,0.66200000,0.00000000,1667953679999,0.00000000,0,0.00000000,0.00000000,0
113,1667953680000,0.66200000,0.66200000,0.66200000,0.66200000,74.90000000,1667953739999,49.58380000,2,74.90000000,49.58380000,0
114,1667953740000,0.66100000,0.66200000,0.66100000,0.66200000,174.20000000,1667953799999,115.29740000,3,151.20000000,100.09440000,0
115,1667953800000,0.66200000,0.66200000,0.66200000,0.66200000,0.00000000,1667953859999,0.00000000,0,0.00000000,0.00000000,0
116,1667953860000,0.66200000,0.66200000,0.66200000,0.66200000,0.00000000,1667953919999,0.00000000,0,0.00000000,0.00000000,0
117,1667953920000,0.66300000,0.66300000,0.66300000,0.66300000,17.00000000,1667953979999,11.27100000,1,17.00000000,11.27100000,0
118,1667953980000,0.66200000,0.66300000,0.66200000,0.66300000,101.20000000,1667954039999,67.05680000,2,62.40000000,41.37120000,0
119,1667954040000,0.66300000,0.66300000,0.66300000,0.66300000,22.60000000,1667954099999,14.98380000,1,22.60000000,14.98380000,0
120,1667954100000,0.66300000,0.66300000,0.66300000,0.66300000,0.00000000,1667954159999,0.00000000,0,0.00000000,0.00000000,0
121,1667954160000,0.66300000,0.66300000,0.66200000,0.66200000,291.00000000,1667954219999,192.89950000,6,257.50000000,170.72250000,0
122,1667954220000,0.66300000,0.66300000,0.66200000,0.66200000,503.30000000,1667954279999,333.46090000,7,276.30000000,183.18690000,0
123,1667954280000,0.66200000,0.66300000,0.66200000,0.66200000,611.30000000,1667954339999,404.83160000,13,151.00000000,100.11300000,0
124,1667954340000,0.66200000,0.66200000,0.66200000,0.66200000,283.50000000,1667954399999,187.67700000,5,0.00000000,0.00000000,0
125,1667954400000,0.66300000,0.66300000,0.66100000,0.66100000,454.10000000,1667954459999,300.99480000,6,407.30000000,270.03990000,0
126,1667954460000,0.66100000,0.66100000,0.66100000,0.66100000,0.00000000,1667954519999,0.00000000,0,0.00000000,0.00000000,0
127,1667954520000,0.66300000,0.66300000,0.66300000,0.66300000,305.40000000,1667954579999,202.48020000,2,305.40000000,202.48020000,0
128,1667954580000,0.66300000,0.66300000,0.66300000,0.66300000,0.00000000,1667954639999,0.00000000,0,0.00000000,0.00000000,0
129,1667954640000,0.66300000,0.66300000,0.66300000,0.66300000,0.00000000,1667954699999,0.00000000,0,0.00000000,0.00000000,0
130,1667954700000,0.66200000,0.66200000,0.66200000,0.66200000,23.00000000,1667954759999,15.22600000,1,0.00000000,0.00000000,0
131,1667954760000,0.66200000,0.66200000,0.66200000,0.66200000,173.60000000,1667954819999,114.92320000,4,0.00000000,0.00000000,0
132,1667954820000,0.66100000,0.66100000,0.66100000,0.66100000,16.90000000,1667954879999,11.17090000,1,0.00000000,0.00000000,0
133,1667954880000,0.66100000,0.66100000,0.66100000,0.66100000,1617.40000000,1667954939999,1069.10140000,12,0.00000000,0.00000000,0
134,1667954940000,0.66100000,0.66100000,0.66100000,0.66100000,0.00000000,1667954999999,0.00000000,0,0.00000000,0.00000000,0
135,1667955000000,0.66100000,0.66300000,0.66100000,0.66100000,1824.00000000,1667955059999,1207.31540000,15,825.70000000,547.43910000,0
136,1667955060000,0.66300000,0.66300000,0.66100000,0.66100000,653.20000000,1667955119999,431.93560000,3,85.20000000,56.48760000,0
137,1667955120000,0.66300000,0.66300000,0.66100000,0.66100000,49.00000000,1667955179999,32.43220000,2,21.60000000,14.32080000,0
138,1667955180000,0.66100000,0.66100000,0.66100000,0.66100000,2231.20000000,1667955239999,1474.82320000,24,0.00000000,0.00000000,0
139,1667955240000,0.66100000,0.66100000,0.66000000,0.66000000,5195.80000000,1667955299999,3429.56120000,4,0.00000000,0.00000000,0
140,1667955300000,0.66000000,0.66000000,0.66000000,0.66000000,1037.60000000,1667955359999,684.81600000,3,0.00000000,0.00000000,0
141,1667955360000,0.66000000,0.66000000,0.66000000,0.66000000,196.00000000,1667955419999,129.36000000,2,0.00000000,0.00000000,0
142,1667955420000,0.66000000,0.66000000,0.65800000,0.65900000,2584.90000000,1667955479999,1703.61640000,22,1203.70000000,793.23830000,0
143,1667955480000,0.65800000,0.65800000,0.65800000,0.65800000,21.50000000,1667955539999,14.14700000,1,0.00000000,0.00000000,0
144,1667955540000,0.65900000,0.65900000,0.65900000,0.65900000,65.00000000,1667955599999,42.83500000,1,0.00000000,0.00000000,0
145,1667955600000,0.65900000,0.65900000,0.65900000,0.65900000,36.80000000,1667955659999,24.25120000,1,0.00000000,0.00000000,0
146,1667955660000,0.66000000,0.66000000,0.66000000,0.66000000,378.70000000,1667955719999,249.94200000,1,378.70000000,249.94200000,0
147,1667955720000,0.65800000,0.65900000,0.65800000,0.65900000,272.40000000,1667955779999,179.48500000,3,193.30000000,127.38470000,0
148,1667955780000,0.65900000,0.66000000,0.65800000,0.65800000,244.10000000,1667955839999,160.85960000,4,16.20000000,10.69200000,0
149,1667955840000,0.65800000,0.65800000,0.65800000,0.65800000,0.00000000,1667955899999,0.00000000,0,0.00000000,0.00000000,0
150,1667955900000,0.65800000,0.66000000,0.65800000,0.66000000,271.20000000,1667955959999,178.87960000,4,177.60000000,117.21600000,0
151,1667955960000,0.66000000,0.66100000,0.66000000,0.66100000,2985.10000000,1667956019999,1970.21490000,21,2985.10000000,1970.21490000,0
152,1667956020000,0.66100000,0.66100000,0.66100000,0.66100000,16.40000000,1667956079999,10.84040000,1,16.40000000,10.84040000,0
153,1667956080000,0.66100000,0.66100000,0.66100000,0.66100000,23.30000000,1667956139999,15.40130000,1,23.30000000,15.40130000,0
154,1667956140000,0.66100000,0.66100000,0.66100000,0.66100000,0.00000000,1667956199999,0.00000000,0,0.00000000,0.00000000,0
155,1667956200000,0.66100000,0.66100000,0.66100000,0.66100000,377.40000000,1667956259999,249.46140000,4,377.40000000,249.46140000,0
156,1667956260000,0.66100000,0.66100000,0.66100000,0.66100000,0.00000000,1667956319999,0.00000000,0,0.00000000,0.00000000,0
157,1667956320000,0.66100000,0.66100000,0.66100000,0.66100000,0.00000000,1667956379999,0.00000000,0,0.00000000,0.00000000,0
158,1667956380000,0.66000000,0.66000000,0.66000000,0.66000000,1155.20000000,1667956439999,762.43200000,2,0.00000000,0.00000000,0
159,1667956440000,0.66100000,0.66100000,0.66000000,0.66000000,66.50000000,1667956499999,43.92780000,2,37.80000000,24.98580000,0
160,1667956500000,0.66000000,0.66000000,0.66000000,0.66000000,0.00000000,1667956559999,0.00000000,0,0.00000000,0.00000000,0
161,1667956560000,0.66100000,0.66100000,0.65900000,0.65900000,2108.20000000,1667956619999,1390.68250000,4,75.60000000,49.97160000,0
162,1667956620000,0.65900000,0.65900000,0.65900000,0.65900000,0.00000000,1667956679999,0.00000000,0,0.00000000,0.00000000,0
163,1667956680000,0.65900000,0.65900000,0.65900000,0.65900000,0.00000000,1667956739999,0.00000000,0,0.00000000,0.00000000,0
164,1667956740000,0.66100000,0.66100000,0.66100000,0.66100000,266.60000000,1667956799999,176.22260000,5,266.60000000,176.22260000,0
165,1667956800000,0.66100000,0.66100000,0.66100000,0.66100000,1316.90000000,1667956859999,870.47090000,11,1316.90000000,870.47090000,0
166,1667956860000,0.66000000,0.66100000,0.66000000,0.66100000,639.10000000,1667956919999,422.18420000,5,378.20000000,249.99020000,0
167,1667956920000,0.66100000,0.66100000,0.66100000,0.66100000,0.00000000,1667956979999,0.00000000,0,0.00000000,0.00000000,0
168,1667956980000,0.65900000,0.65900000,0.65900000,0.65900000,20.80000000,1667957039999,13.70720000,1,0.00000000,0.00000000,0
169,1667957040000,0.65900000,0.65900000,0.65900000,0.65900000,0.00000000,1667957099999,0.00000000,0,0.00000000,0.00000000,0
170,1667957100000,0.65900000,0.65900000,0.65900000,0.65900000,0.00000000,1667957159999,0.00000000,0,0.00000000,0.00000000,0
171,1667957160000,0.66000000,0.66000000,0.66000000,0.66000000,266.90000000,1667957219999,176.15400000,4,266.90000000,176.15400000,0
172,1667957220000,0.66000000,0.66000000,0.66000000,0.66000000,0.00000000,1667957279999,0.00000000,0,0.00000000,0.00000000,0
173,1667957280000,0.66000000,0.66000000,0.66000000,0.66000000,0.00000000,1667957339999,0.00000000,0,0.00000000,0.00000000,0
174,1667957340000,0.66000000,0.66000000,0.66000000,0.66000000,0.00000000,1667957399999,0.00000000,0,0.00000000,0.00000000,0
175,1667957400000,0.65900000,0.65900000,0.65900000,0.65900000,23.20000000,1667957459999,15.28880000,1,0.00000000,0.00000000,0
176,1667957460000,0.66100000,0.66100000,0.65900000,0.66100000,85.80000000,1667957519999,56.65680000,3,57.30000000,37.87530000,0
177,1667957520000,0.66100000,0.66100000,0.66100000,0.66100000,302.90000000,1667957579999,200.21690000,1,302.90000000,200.21690000,0
178,1667957580000,0.66100000,0.66100000,0.66100000,0.66100000,0.00000000,1667957639999,0.00000000,0,0.00000000,0.00000000,0
179,1667957640000,0.66100000,0.66100000,0.66000000,0.66100000,125.70000000,1667957699999,83.06080000,3,98.80000000,65.30680000,0
180,1667957700000,0.66100000,0.66100000,0.66100000,0.66100000,0.00000000,1667957759999,0.00000000,0,0.00000000,0.00000000,0
181,1667957760000,0.66100000,0.66100000,0.66100000,0.66100000,0.00000000,1667957819999,0.00000000,0,0.00000000,0.00000000,0
182,1667957820000,0.66100000,0.66100000,0.66100000,0.66100000,37.80000000,1667957879999,24.98580000,1,37.80000000,24.98580000,0
183,1667957880000,0.66100000,0.66100000,0.66100000,0.66100000,0.00000000,1667957939999,0.00000000,0,0.00000000,0.00000000,0
184,1667957940000,0.66100000,0.66100000,0.66100000,0.66100000,26.70000000,1667957999999,17.64870000,1,26.70000000,17.64870000,0
185,1667958000000,0.66100000,0.66100000,0.66100000,0.66100000,0.00000000,1667958059999,0.00000000,0,0.00000000,0.00000000,0
186,1667958060000,0.66000000,0.66000000,0.66000000,0.66000000,23.00000000,1667958119999,15.18000000,1,0.00000000,0.00000000,0
187,1667958120000,0.66000000,0.66000000,0.66000000,0.66000000,65.00000000,1667958179999,42.90000000,1,0.00000000,0.00000000,0
188,1667958180000,0.66000000,0.66000000,0.66000000,0.66000000,0.00000000,1667958239999,0.00000000,0,0.00000000,0.00000000,0
189,1667958240000,0.66000000,0.66000000,0.66000000,0.66000000,0.00000000,1667958299999,0.00000000,0,0.00000000,0.00000000,0
190,1667958300000,0.66000000,0.66000000,0.66000000,0.66000000,0.00000000,1667958359999,0.00000000,0,0.00000000,0.00000000,0
191,1667958360000,0.65900000,0.65900000,0.65900000,0.65900000,26.60000000,1667958419999,17.52940000,1,0.00000000,0.00000000,0
192,1667958420000,0.66000000,0.66000000,0.66000000,0.66000000,1115.80000000,1667958479999,736.42800000,5,1115.80000000,736.42800000,0
193,1667958480000,0.66000000,0.66000000,0.66000000,0.66000000,0.00000000,1667958539999,0.00000000,0,0.00000000,0.00000000,0
194,1667958540000,0.66000000,0.66000000,0.66000000,0.66000000,0.00000000,1667958599999,0.00000000,0,0.00000000,0.00000000,0
195,1667958600000,0.66000000,0.66000000,0.66000000,0.66000000,2808.10000000,1667958659999,1853.34600000,20,2808.10000000,1853.34600000,0
196,1667958660000,0.66000000,0.66000000,0.66000000,0.66000000,0.00000000,1667958719999,0.00000000,0,0.00000000,0.00000000,0
197,1667958720000,0.66000000,0.66000000,0.66000000,0.66000000,0.00000000,1667958779999,0.00000000,0,0.00000000,0.00000000,0
198,1667958780000,0.66000000,0.66000000,0.66000000,0.66000000,0.00000000,1667958839999,0.00000000,0,0.00000000,0.00000000,0
199,1667958840000,0.65900000,0.65900000,0.65900000,0.65900000,136.00000000,1667958899999,89.62400000,1,0.00000000,0.00000000,0
200,1667958900000,0.65900000,0.65900000,0.65900000,0.65900000,0.00000000,1667958959999,0.00000000,0,0.00000000,0.00000000,0
201,1667958960000,0.66000000,0.66000000,0.66000000,0.66000000,78.00000000,1667959019999,51.48000000,1,78.00000000,51.48000000,0
202,1667959020000,0.65900000,0.65900000,0.65900000,0.65900000,36.30000000,1667959079999,23.92170000,2,0.00000000,0.00000000,0
203,1667959080000,0.65900000,0.66000000,0.65900000,0.66000000,3139.20000000,1667959139999,2068.75480000,10,22.00000000,14.52000000,0
204,1667959140000,0.65900000,0.66000000,0.65900000,0.66000000,59.00000000,1667959199999,38.91470000,2,33.70000000,22.24200000,0
205,1667959200000,0.65800000,0.65900000,0.65800000,0.65900000,183.70000000,1667959259999,121.03080000,2,156.20000000,102.93580000,0
206,1667959260000,0.65900000,0.65900000,0.65900000,0.65900000,0.00000000,1667959319999,0.00000000,0,0.00000000,0.00000000,0
207,1667959320000,0.65800000,0.65800000,0.65800000,0.65800000,27.50000000,1667959379999,18.09500000,1,0.00000000,0.00000000,0
208,1667959380000,0.65800000,0.65800000,0.65800000,0.65800000,0.00000000,1667959439999,0.00000000,0,0.00000000,0.00000000,0
209,1667959440000,0.65800000,0.65800000,0.65800000,0.65800000,209.50000000,1667959499999,137.85100000,2,0.00000000,0.00000000,0
210,1667959500000,0.65800000,0.65800000,0.65800000,0.65800000,1023.50000000,1667959559999,673.46300000,3,0.00000000,0.00000000,0
211,1667959560000,0.65900000,0.65900000,0.65900000,0.65900000,357.50000000,1667959619999,235.59250000,4,357.50000000,235.59250000,0
212,1667959620000,0.65900000,0.65900000,0.65900000,0.65900000,910.40000000,1667959679999,599.95360000,2,910.40000000,599.95360000,0
213,1667959680000,0.65900000,0.65900000,0.65800000,0.65800000,868.70000000,1667959739999,571.64600000,4,41.40000000,27.28260000,0
214,1667959740000,0.65900000,0.65900000,0.65900000,0.65900000,15.10000000,1667959799999,9.95090000,1,15.10000000,9.95090000,0
215,1667959800000,0.65800000,0.65800000,0.65800000,0.65800000,29.30000000,1667959859999,19.27940000,1,0.00000000,0.00000000,0
216,1667959860000,0.65800000,0.65800000,0.65800000,0.65800000,0.00000000,1667959919999,0.00000000,0,0.00000000,0.00000000,0
217,1667959920000,0.65800000,0.65800000,0.65800000,0.65800000,0.00000000,1667959979999,0.00000000,0,0.00000000,0.00000000,0
218,1667959980000,0.65900000,0.65900000,0.65900000,0.65900000,290.80000000,1667960039999,191.63720000,3,290.80000000,191.63720000,0
219,1667960040000,0.65900000,0.65900000,0.65900000,0.65900000,0.00000000,1667960099999,0.00000000,0,0.00000000,0.00000000,0
220,1667960100000,0.65900000,0.65900000,0.65900000,0.65900000,0.00000000,1667960159999,0.00000000,0,0.00000000,0.00000000,0
221,1667960160000,0.65900000,0.65900000,0.65900000,0.65900000,15.10000000,1667960219999,9.95090000,1,15.10000000,9.95090000,0
222,1667960220000,0.65900000,0.65900000,0.65900000,0.65900000,472.00000000,1667960279999,311.04800000,1,472.00000000,311.04800000,0
223,1667960280000,0.65900000,0.65900000,0.65900000,0.65900000,1374.30000000,1667960339999,905.66370000,12,1374.30000000,905.66370000,0
224,1667960340000,0.65900000,0.66000000,0.65900000,0.66000000,3337.50000000,1667960399999,2199.95120000,6,3337.50000000,2199.95120000,0
225,1667960400000,0.66000000,0.66000000,0.66000000,0.66000000,457.10000000,1667960459999,301.68600000,5,457.10000000,301.68600000,0
226,1667960460000,0.66000000,0.66000000,0.66000000,0.66000000,41.20000000,1667960519999,27.19200000,2,41.20000000,27.19200000,0
227,1667960520000,0.66000000,0.66000000,0.66000000,0.66000000,0.00000000,1667960579999,0.00000000,0,0.00000000,0.00000000,0
228,1667960580000,0.66000000,0.66000000,0.66000000,0.66000000,0.00000000,1667960639999,0.00000000,0,0.00000000,0.00000000,0
229,1667960640000,0.66000000,0.66000000,0.66000000,0.66000000,40.00000000,1667960699999,26.40000000,1,40.00000000,26.40000000,0
230,1667960700000,0.66000000,0.66000000,0.66000000,0.66000000,0.00000000,1667960759999,0.00000000,0,0.00000000,0.00000000,0
231,1667960760000,0.66000000,0.66000000,0.66000000,0.66000000,0.00000000,1667960819999,0.00000000,0,0.00000000,0.00000000,0
232,1667960820000,0.66000000,0.66000000,0.66000000,0.66000000,0.00000000,1667960879999,0.00000000,0,0.00000000,0.00000000,0
233,1667960880000,0.65900000,0.65900000,0.65900000,0.65900000,26.20000000,1667960939999,17.26580000,1,0.00000000,0.00000000,0
234,1667960940000,0.65900000,0.65900000,0.65900000,0.65900000,0.00000000,1667960999999,0.00000000,0,0.00000000,0.00000000,0
235,1667961000000,0.65900000,0.65900000,0.65900000,0.65900000,33.40000000,1667961059999,22.01060000,1,0.00000000,0.00000000,0
236,1667961060000,0.66000000,0.66000000,0.65900000,0.65900000,2811.20000000,1667961119999,1853.09620000,16,515.40000000,340.16400000,0
237,1667961120000,0.65900000,0.66000000,0.65900000,0.66000000,1584.90000000,1667961179999,1044.59910000,10,150.00000000,99.00000000,0
238,1667961180000,0.65900000,0.65900000,0.65900000,0.65900000,54.00000000,1667961239999,35.58600000,2,0.00000000,0.00000000,0
239,1667961240000,0.65900000,0.65900000,0.65900000,0.65900000,0.00000000,1667961299999,0.00000000,0,0.00000000,0.00000000,0
240,1667961300000,0.65900000,0.65900000,0.65900000,0.65900000,2887.00000000,1667961359999,1902.53300000,14,0.00000000,0.00000000,0
241,1667961360000,0.65900000,0.65900000,0.65900000,0.65900000,1100.10000000,1667961419999,724.96590000,17,0.00000000,0.00000000,0
242,1667961420000,0.65900000,0.65900000,0.65900000,0.65900000,0.00000000,1667961479999,0.00000000,0,0.00000000,0.00000000,0
243,1667961480000,0.65900000,0.65900000,0.65900000,0.65900000,26.00000000,1667961539999,17.13400000,1,0.00000000,0.00000000,0
244,1667961540000,0.65900000,0.65900000,0.65900000,0.65900000,0.00000000,1667961599999,0.00000000,0,0.00000000,0.00000000,0
245,1667961600000,0.65900000,0.65900000,0.65900000,0.65900000,583.60000000,1667961659999,384.59240000,5,0.00000000,0.00000000,0
246,1667961660000,0.65900000,0.65900000,0.65900000,0.65900000,1529.60000000,1667961719999,1008.00640000,11,0.00000000,0.00000000,0
247,1667961720000,0.65900000,0.65900000,0.65600000,0.65700000,7264.40000000,1667961779999,4778.53770000,38,2015.40000000,1324.33020000,0
248,1667961780000,0.65700000,0.65700000,0.65700000,0.65700000,503.30000000,1667961839999,330.66810000,3,503.30000000,330.66810000,0
249,1667961840000,0.65600000,0.65600000,0.65600000,0.65600000,29.10000000,1667961899999,19.08960000,1,0.00000000,0.00000000,0
250,1667961900000,0.65600000,0.65600000,0.65600000,0.65600000,0.00000000,1667961959999,0.00000000,0,0.00000000,0.00000000,0
251,1667961960000,0.65600000,0.65600000,0.65600000,0.65600000,0.00000000,1667962019999,0.00000000,0,0.00000000,0.00000000,0
252,1667962020000,0.65700000,0.65700000,0.65700000,0.65700000,25.80000000,1667962079999,16.95060000,1,25.80000000,16.95060000,0
253,1667962080000,0.65700000,0.65700000,0.65700000,0.65700000,0.00000000,1667962139999,0.00000000,0,0.00000000,0.00000000,0
254,1667962140000,0.65700000,0.65700000,0.65700000,0.65700000,563.30000000,1667962199999,370.08810000,3,563.30000000,370.08810000,0
255,1667962200000,0.65700000,0.65700000,0.65700000,0.65700000,1063.50000000,1667962259999,698.71950000,8,1063.50000000,698.71950000,0
256,1667962260000,0.65700000,0.65700000,0.65700000,0.65700000,45.60000000,1667962319999,29.95920000,1,45.60000000,29.95920000,0
257,1667962320000,0.65600000,0.65600000,0.65600000,0.65600000,33.30000000,1667962379999,21.84480000,1,0.00000000,0.00000000,0
258,1667962380000,0.65600000,0.65600000,0.65600000,0.65600000,365.70000000,1667962439999,239.89920000,5,0.00000000,0.00000000,0
259,1667962440000,0.65600000,0.65600000,0.65600000,0.65600000,55.40000000,1667962499999,36.34240000,1,0.00000000,0.00000000,0
260,1667962500000,0.65600000,0.65600000,0.65500000,0.65500000,498.90000000,1667962559999,327.25150000,3,438.70000000,287.78720000,0
261,1667962560000,0.65600000,0.65600000,0.65500000,0.65500000,268.10000000,1667962619999,175.81810000,3,212.60000000,139.46560000,0
262,1667962620000,0.65500000,0.65500000,0.65500000,0.65500000,0.00000000,1667962679999,0.00000000,0,0.00000000,0.00000000,0
263,1667962680000,0.65500000,0.65500000,0.65500000,0.65500000,47.90000000,1667962739999,31.37450000,3,0.00000000,0.00000000,0
264,1667962740000,0.65500000,0.65500000,0.65500000,0.65500000,0.00000000,1667962799999,0.00000000,0,0.00000000,0.00000000,0
265,1667962800000,0.65700000,0.65700000,0.65500000,0.65500000,192.90000000,1667962859999,126.41290000,7,31.70000000,20.82690000,0
266,1667962860000,0.65500000,0.65500000,0.65500000,0.65500000,0.00000000,1667962919999,0.00000000,0,0.00000000,0.00000000,0
267,1667962920000,0.65500000,0.65500000,0.65500000,0.65500000,0.00000000,1667962979999,0.00000000,0,0.00000000,0.00000000,0
268,1667962980000,0.65600000,0.65600000,0.65600000,0.65600000,63.80000000,1667963039999,41.85280000,1,0.00000000,0.00000000,0
269,1667963040000,0.65600000,0.65600000,0.65600000,0.65600000,0.00000000,1667963099999,0.00000000,0,0.00000000,0.00000000,0
270,1667963100000,0.65600000,0.65600000,0.65600000,0.65600000,0.00000000,1667963159999,0.00000000,0,0.00000000,0.00000000,0
271,1667963160000,0.65600000,0.65600000,0.65600000,0.65600000,0.00000000,1667963219999,0.00000000,0,0.00000000,0.00000000,0
272,1667963220000,0.65700000,0.65700000,0.65700000,0.65700000,290.00000000,1667963279999,190.53000000,11,290.00000000,190.53000000,0
273,1667963280000,0.65500000,0.65700000,0.65500000,0.65700000,159.90000000,1667963339999,104.78530000,2,25.40000000,16.68780000,0
274,1667963340000,0.65700000,0.65700000,0.65500000,0.65500000,2147.90000000,1667963399999,1410.96190000,8,2011.20000000,1321.35840000,0
275,1667963400000,0.65500000,0.65500000,0.65500000,0.65500000,0.00000000,1667963459999,0.00000000,0,0.00000000,0.00000000,0
276,1667963460000,0.65500000,0.65500000,0.65500000,0.65500000,160.00000000,1667963519999,104.80000000,1,0.00000000,0.00000000,0
277,1667963520000,0.65500000,0.65500000,0.65500000,0.65500000,385.10000000,1667963579999,252.24050000,5,0.00000000,0.00000000,0
278,1667963580000,0.65400000,0.65400000,0.65400000,0.65400000,335.20000000,1667963639999,219.22080000,9,0.00000000,0.00000000,0
279,1667963640000,0.65400000,0.65400000,0.65300000,0.65400000,255.40000000,1667963699999,166.98090000,6,43.90000000,28.71060000,0
280,1667963700000,0.65300000,0.65300000,0.65300000,0.65300000,200.00000000,1667963759999,130.60000000,2,0.00000000,0.00000000,0
281,1667963760000,0.65400000,0.65400000,0.65400000,0.65400000,541.50000000,1667963819999,354.14100000,5,541.50000000,354.14100000,0
282,1667963820000,0.65400000,0.65500000,0.65400000,0.65500000,794.20000000,1667963879999,519.98750000,9,794.20000000,519.98750000,0
283,1667963880000,0.65500000,0.65600000,0.65500000,0.65500000,1163.20000000,1667963939999,761.94220000,11,1163.20000000,761.94220000,0
284,1667963940000,0.65500000,0.65500000,0.65500000,0.65500000,2092.80000000,1667963999999,1370.78400000,12,2092.80000000,1370.78400000,0
285,1667964000000,0.65500000,0.65500000,0.65500000,0.65500000,1723.20000000,1667964059999,1128.69600000,13,1723.20000000,1128.69600000,0
286,1667964060000,0.65500000,0.65500000,0.65500000,0.65500000,247.40000000,1667964119999,162.04700000,4,247.40000000,162.04700000,0
287,1667964120000,0.65400000,0.65400000,0.65400000,0.65400000,213.20000000,1667964179999,139.43280000,2,0.00000000,0.00000000,0
288,1667964180000,0.65300000,0.65400000,0.65200000,0.65400000,1333.20000000,1667964239999,870.60460000,11,344.30000000,225.17220000,0
289,1667964240000,0.65400000,0.65400000,0.65400000,0.65400000,118.20000000,1667964299999,77.30280000,3,118.20000000,77.30280000,0
290,1667964300000,0.65400000,0.65400000,0.65300000,0.65300000,191.50000000,1667964359999,125.11980000,2,70.30000000,45.97620000,0
291,1667964360000,0.65400000,0.65400000,0.65400000,0.65400000,549.90000000,1667964419999,359.63460000,5,549.90000000,359.63460000,0
292,1667964420000,0.65400000,0.65400000,0.65400000,0.65400000,221.80000000,1667964479999,145.05720000,2,221.80000000,145.05720000,0
293,1667964480000,0.65300000,0.65300000,0.65300000,0.65300000,310.10000000,1667964539999,202.49530000,5,149.40000000,97.55820000,0
294,1667964540000,0.65300000,0.65300000,0.65300000,0.65300000,0.00000000,1667964599999,0.00000000,0,0.00000000,0.00000000,0
295,1667964600000,0.65300000,0.65300000,0.65300000,0.65300000,0.00000000,1667964659999,0.00000000,0,0.00000000,0.00000000,0
296,1667964660000,0.65300000,0.65300000,0.65300000,0.65300000,0.00000000,1667964719999,0.00000000,0,0.00000000,0.00000000,0
297,1667964720000,0.65300000,0.65300000,0.65300000,0.65300000,76.50000000,1667964779999,49.95450000,2,0.00000000,0.00000000,0
298,1667964780000,0.65200000,0.65200000,0.65200000,0.65200000,43.30000000,1667964839999,28.23160000,2,0.00000000,0.00000000,0
299,1667964840000,0.65200000,0.65200000,0.65200000,0.65200000,25.00000000,1667964899999,16.30000000,1,0.00000000,0.00000000,0
300,1667964900000,0.65200000,0.65200000,0.65200000,0.65200000,28.90000000,1667964959999,18.84280000,1,0.00000000,0.00000000,0
301,1667964960000,0.65200000,0.65200000,0.65200000,0.65200000,87.30000000,1667965019999,56.91960000,2,0.00000000,0.00000000,0
302,1667965020000,0.65400000,0.65400000,0.65200000,0.65200000,88.40000000,1667965079999,57.71320000,5,38.20000000,24.98280000,0
303,1667965080000,0.65200000,0.65200000,0.65200000,0.65200000,25.70000000,1667965139999,16.75640000,2,0.00000000,0.00000000,0
304,1667965140000,0.65200000,0.65200000,0.65200000,0.65200000,25.30000000,1667965199999,16.49560000,1,0.00000000,0.00000000,0
305,1667965200000,0.65200000,0.65200000,0.65200000,0.65200000,0.00000000,1667965259999,0.00000000,0,0.00000000,0.00000000,0
306,1667965260000,0.65200000,0.65200000,0.65200000,0.65200000,27.60000000,1667965319999,17.99520000,1,0.00000000,0.00000000,0
307,1667965320000,0.65200000,0.65200000,0.65200000,0.65200000,55.90000000,1667965379999,36.44680000,2,0.00000000,0.00000000,0
308,1667965380000,0.65400000,0.65400000,0.65400000,0.65400000,133.10000000,1667965439999,87.04740000,4,133.10000000,87.04740000,0
309,1667965440000,0.65400000,0.65400000,0.65400000,0.65400000,212.80000000,1667965499999,139.17120000,5,212.80000000,139.17120000,0
310,1667965500000,0.65400000,0.65500000,0.65400000,0.65500000,158.30000000,1667965559999,103.55650000,3,158.30000000,103.55650000,0
311,1667965560000,0.65500000,0.65500000,0.65500000,0.65500000,24.30000000,1667965619999,15.91650000,1,24.30000000,15.91650000,0
312,1667965620000,0.65500000,0.65500000,0.65500000,0.65500000,51.30000000,1667965679999,33.60150000,2,51.30000000,33.60150000,0
313,1667965680000,0.65500000,0.65500000,0.65500000,0.65500000,51.70000000,1667965739999,33.86350000,2,51.70000000,33.86350000,0
314,1667965740000,0.65500000,0.65600000,0.65500000,0.65600000,850.30000000,1667965799999,556.96790000,8,850.30000000,556.96790000,0
315,1667965800000,0.65600000,0.65600000,0.65600000,0.65600000,0.00000000,1667965859999,0.00000000,0,0.00000000,0.00000000,0
316,1667965860000,0.65600000,0.65600000,0.65600000,0.65600000,0.00000000,1667965919999,0.00000000,0,0.00000000,0.00000000,0
317,1667965920000,0.65500000,0.65600000,0.65400000,0.65500000,1318.60000000,1667965979999,863.66090000,15,1271.40000000,832.79210000,0
318,1667965980000,0.65500000,0.65500000,0.65500000,0.65500000,0.00000000,1667966039999,0.00000000,0,0.00000000,0.00000000,0
319,1667966040000,0.65600000,0.65600000,0.65600000,0.65600000,79.00000000,1667966099999,51.82400000,3,79.00000000,51.82400000,0
320,1667966100000,0.65500000,0.65500000,0.65500000,0.65500000,1089.00000000,1667966159999,713.29500000,6,74.70000000,48.92850000,0
321,1667966160000,0.65500000,0.65500000,0.65500000,0.65500000,16.70000000,1667966219999,10.93850000,1,16.70000000,10.93850000,0
322,1667966220000,0.65400000,0.65500000,0.65400000,0.65500000,49.20000000,1667966279999,32.20200000,2,25.20000000,16.50600000,0
323,1667966280000,0.65500000,0.65500000,0.65500000,0.65500000,0.00000000,1667966339999,0.00000000,0,0.00000000,0.00000000,0
324,1667966340000,0.65500000,0.65500000,0.65500000,0.65500000,58.50000000,1667966399999,38.31750000,1,58.50000000,38.31750000,0
325,1667966400000,0.65500000,0.65500000,0.65500000,0.65500000,15.40000000,1667966459999,10.08700000,1,15.40000000,10.08700000,0
326,1667966460000,0.65500000,0.65500000,0.65500000,0.65500000,0.00000000,1667966519999,0.00000000,0,0.00000000,0.00000000,0
327,1667966520000,0.65400000,0.65400000,0.65400000,0.65400000,170.60000000,1667966579999,111.57240000,5,0.00000000,0.00000000,0
328,1667966580000,0.65400000,0.65400000,0.65400000,0.65400000,0.00000000,1667966639999,0.00000000,0,0.00000000,0.00000000,0
329,1667966640000,0.65400000,0.65400000,0.65400000,0.65400000,65.00000000,1667966699999,42.51000000,1,0.00000000,0.00000000,0
330,1667966700000,0.65500000,0.65500000,0.65300000,0.65300000,261.00000000,1667966759999,170.76840000,5,135.20000000,88.55600000,0
331,1667966760000,0.65300000,0.65300000,0.65300000,0.65300000,24.70000000,1667966819999,16.12910000,1,0.00000000,0.00000000,0
332,1667966820000,0.65300000,0.65400000,0.65300000,0.65300000,483.80000000,1667966879999,315.94430000,6,22.90000000,14.97660000,0
333,1667966880000,0.65300000,0.65300000,0.65300000,0.65300000,0.00000000,1667966939999,0.00000000,0,0.00000000,0.00000000,0
334,1667966940000,0.65400000,0.65400000,0.65400000,0.65400000,32.10000000,1667966999999,20.99340000,2,32.10000000,20.99340000,0
335,1667967000000,0.65300000,0.65300000,0.65200000,0.65200000,80.50000000,1667967059999,52.55100000,2,0.00000000,0.00000000,0
336,1667967060000,0.65200000,0.65200000,0.65200000,0.65200000,0.00000000,1667967119999,0.00000000,0,0.00000000,0.00000000,0
337,1667967120000,0.65400000,0.65400000,0.65400000,0.65400000,38.20000000,1667967179999,24.98280000,1,38.20000000,24.98280000,0
338,1667967180000,0.65300000,0.65300000,0.65300000,0.65300000,27.30000000,1667967239999,17.82690000,1,27.30000000,17.82690000,0
339,1667967240000,0.65400000,0.65400000,0.65400000,0.65400000,965.80000000,1667967299999,631.63320000,12,965.80000000,631.63320000,0
340,1667967300000,0.65400000,0.65400000,0.65400000,0.65400000,0.00000000,1667967359999,0.00000000,0,0.00000000,0.00000000,0
341,1667967360000,0.65500000,0.65500000,0.65500000,0.65500000,110.00000000,1667967419999,72.05000000,2,110.00000000,72.05000000,0
342,1667967420000,0.65300000,0.65400000,0.65300000,0.65400000,520.20000000,1667967479999,339.73980000,6,49.20000000,32.17680000,0
343,1667967480000,0.65300000,0.65300000,0.65300000,0.65300000,24.00000000,1667967539999,15.67200000,1,0.00000000,0.00000000,0
344,1667967540000,0.65400000,0.65400000,0.65300000,0.65300000,182.70000000,1667967599999,119.46180000,3,158.70000000,103.78980000,0
345,1667967600000,0.65200000,0.65400000,0.65200000,0.65400000,918.00000000,1667967659999,598.90800000,8,474.80000000,309.94160000,0
346,1667967660000,0.65400000,0.65400000,0.65400000,0.65400000,187.30000000,1667967719999,122.49420000,4,187.30000000,122.49420000,0
347,1667967720000,0.65500000,0.65500000,0.65500000,0.65500000,24.50000000,1667967779999,16.04750000,1,24.50000000,16.04750000,0
348,1667967780000,0.65500000,0.65500000,0.65500000,0.65500000,129.70000000,1667967839999,84.95350000,4,129.70000000,84.95350000,0
349,1667967840000,0.65300000,0.65300000,0.65300000,0.65300000,23.00000000,1667967899999,15.01900000,1,0.00000000,0.00000000,0
350,1667967900000,0.65300000,0.65300000,0.65300000,0.65300000,0.00000000,1667967959999,0.00000000,0,0.00000000,0.00000000,0
351,1667967960000,0.65500000,0.65500000,0.65500000,0.65500000,29.30000000,1667968019999,19.19150000,1,29.30000000,19.19150000,0
352,1667968020000,0.65500000,0.65500000,0.65500000,0.65500000,0.00000000,1667968079999,0.00000000,0,0.00000000,0.00000000,0
353,1667968080000,0.65500000,0.65500000,0.65500000,0.65500000,0.00000000,1667968139999,0.00000000,0,0.00000000,0.00000000,0
354,1667968140000,0.65500000,0.65500000,0.65500000,0.65500000,0.00000000,1667968199999,0.00000000,0,0.00000000,0.00000000,0
355,1667968200000,0.65500000,0.65500000,0.65500000,0.65500000,41.20000000,1667968259999,26.98600000,1,41.20000000,26.98600000,0
356,1667968260000,0.65500000,0.65500000,0.65500000,0.65500000,0.00000000,1667968319999,0.00000000,0,0.00000000,0.00000000,0
357,1667968320000,0.65500000,0.65500000,0.65300000,0.65500000,1787.70000000,1667968379999,1168.23390000,18,1314.00000000,858.90780000,0
358,1667968380000,0.65400000,0.65500000,0.65400000,0.65500000,406.50000000,1667968439999,265.87960000,7,379.40000000,248.15620000,0
359,1667968440000,0.65500000,0.65500000,0.65500000,0.65500000,0.00000000,1667968499999,0.00000000,0,0.00000000,0.00000000,0
360,1667968500000,0.65500000,0.65500000,0.65500000,0.65500000,0.00000000,1667968559999,0.00000000,0,0.00000000,0.00000000,0
361,1667968560000,0.65500000,0.65500000,0.65500000,0.65500000,0.00000000,1667968619999,0.00000000,0,0.00000000,0.00000000,0
362,1667968620000,0.65500000,0.65600000,0.65500000,0.65600000,2807.00000000,1667968679999,1840.97630000,10,2807.00000000,1840.97630000,0
363,1667968680000,0.65500000,0.65500000,0.65400000,0.65400000,2131.50000000,1667968739999,1395.93150000,7,1930.50000000,1264.47750000,0
364,1667968740000,0.65500000,0.65500000,0.65500000,0.65500000,152.60000000,1667968799999,99.95300000,1,152.60000000,99.95300000,0
365,1667968800000,0.65300000,0.65300000,0.65300000,0.65300000,172.30000000,1667968859999,112.51190000,5,0.00000000,0.00000000,0
366,1667968860000,0.65300000,0.65300000,0.65300000,0.65300000,1745.10000000,1667968919999,1139.55030000,8,0.00000000,0.00000000,0
367,1667968920000,0.65300000,0.65300000,0.65300000,0.65300000,0.00000000,1667968979999,0.00000000,0,0.00000000,0.00000000,0
368,1667968980000,0.65300000,0.65300000,0.65300000,0.65300000,0.00000000,1667969039999,0.00000000,0,0.00000000,0.00000000,0
369,1667969040000,0.65300000,0.65300000,0.65300000,0.65300000,0.00000000,1667969099999,0.00000000,0,0.00000000,0.00000000,0
370,1667969100000,0.65300000,0.65400000,0.65300000,0.65400000,56.60000000,1667969159999,36.99030000,2,30.50000000,19.94700000,0
371,1667969160000,0.65300000,0.65300000,0.65300000,0.65300000,24.40000000,1667969219999,15.93320000,1,0.00000000,0.00000000,0
372,1667969220000,0.65300000,0.65300000,0.65300000,0.65300000,0.00000000,1667969279999,0.00000000,0,0.00000000,0.00000000,0
373,1667969280000,0.65500000,0.65500000,0.65500000,0.65500000,40.20000000,1667969339999,26.33100000,2,40.20000000,26.33100000,0
374,1667969340000,0.65500000,0.65500000,0.65500000,0.65500000,25.00000000,1667969399999,16.37500000,1,25.00000000,16.37500000,0
375,1667969400000,0.65500000,0.65500000,0.65500000,0.65500000,15.20000000,1667969459999,9.95600000,1,15.20000000,9.95600000,0
376,1667969460000,0.65400000,0.65400000,0.65300000,0.65400000,114.60000000,1667969519999,74.87010000,3,21.00000000,13.73400000,0
377,1667969520000,0.65400000,0.65400000,0.65400000,0.65400000,0.00000000,1667969579999,0.00000000,0,0.00000000,0.00000000,0
378,1667969580000,0.65400000,0.65400000,0.65400000,0.65400000,0.00000000,1667969639999,0.00000000,0,0.00000000,0.00000000,0
379,1667969640000,0.65400000,0.65400000,0.65400000,0.65400000,25.00000000,1667969699999,16.35000000,1,25.00000000,16.35000000,0
380,1667969700000,0.65400000,0.65400000,0.65400000,0.65400000,0.00000000,1667969759999,0.00000000,0,0.00000000,0.00000000,0
381,1667969760000,0.65400000,0.65400000,0.65400000,0.65400000,15.50000000,1667969819999,10.13700000,1,15.50000000,10.13700000,0
382,1667969820000,0.65300000,0.65300000,0.65300000,0.65300000,95.40000000,1667969879999,62.29620000,2,0.00000000,0.00000000,0
383,1667969880000,0.65400000,0.65400000,0.65400000,0.65400000,1622.20000000,1667969939999,1060.91880000,11,1209.70000000,791.14380000,0
384,1667969940000,0.65400000,0.65400000,0.65400000,0.65400000,0.00000000,1667969999999,0.00000000,0,0.00000000,0.00000000,0
385,1667970000000,0.65400000,0.65400000,0.65400000,0.65400000,0.00000000,1667970059999,0.00000000,0,0.00000000,0.00000000,0
386,1667970060000,0.65400000,0.65400000,0.65200000,0.65400000,1341.00000000,1667970119999,876.32740000,13,30.40000000,19.88160000,0
387,1667970120000,0.65200000,0.65400000,0.65200000,0.65400000,177.20000000,1667970179999,115.58220000,4,23.90000000,15.63060000,0
388,1667970180000,0.65400000,0.65400000,0.65400000,0.65400000,100.00000000,1667970239999,65.40000000,1,100.00000000,65.40000000,0
389,1667970240000,0.65400000,0.65400000,0.65400000,0.65400000,114.60000000,1667970299999,74.94840000,2,114.60000000,74.94840000,0
390,1667970300000,0.65300000,0.65300000,0.65300000,0.65300000,153.10000000,1667970359999,99.97430000,1,0.00000000,0.00000000,0
391,1667970360000,0.65300000,0.65300000,0.65300000,0.65300000,24.10000000,1667970419999,15.73730000,1,0.00000000,0.00000000,0
392,1667970420000,0.65200000,0.65300000,0.65200000,0.65200000,196.20000000,1667970479999,127.98740000,6,65.00000000,42.44500000,0
393,1667970480000,0.65200000,0.65200000,0.65200000,0.65200000,0.00000000,1667970539999,0.00000000,0,0.00000000,0.00000000,0
394,1667970540000,0.65200000,0.65200000,0.65200000,0.65200000,0.00000000,1667970599999,0.00000000,0,0.00000000,0.00000000,0
395,1667970600000,0.65200000,0.65200000,0.65200000,0.65200000,179.60000000,1667970659999,117.09920000,7,0.00000000,0.00000000,0
396,1667970660000,0.65200000,0.65300000,0.65100000,0.65300000,939.70000000,1667970719999,611.97090000,13,65.00000000,42.44500000,0
397,1667970720000,0.65300000,0.65400000,0.65200000,0.65200000,227.30000000,1667970779999,148.57600000,9,153.50000000,100.38900000,0
398,1667970780000,0.65200000,0.65200000,0.65200000,0.65200000,0.00000000,1667970839999,0.00000000,0,0.00000000,0.00000000,0
399,1667970840000,0.65200000,0.65300000,0.65100000,0.65300000,402.00000000,1667970899999,262.04460000,6,28.80000000,18.80640000,0
400,1667970900000,0.65300000,0.65300000,0.65300000,0.65300000,45.90000000,1667970959999,29.97270000,1,45.90000000,29.97270000,0
401,1667970960000,0.65200000,0.65300000,0.65200000,0.65300000,168.30000000,1667971019999,109.87120000,4,139.60000000,91.15880000,0
402,1667971020000,0.65300000,0.65300000,0.65300000,0.65300000,0.00000000,1667971079999,0.00000000,0,0.00000000,0.00000000,0
403,1667971080000,0.65300000,0.65300000,0.65300000,0.65300000,100.00000000,1667971139999,65.30000000,1,100.00000000,65.30000000,0
404,1667971140000,0.65300000,0.65400000,0.65200000,0.65200000,131.40000000,1667971199999,85.85290000,3,101.80000000,66.55370000,0
405,1667971200000,0.65200000,0.65200000,0.65200000,0.65200000,0.00000000,1667971259999,0.00000000,0,0.00000000,0.00000000,0
406,1667971260000,0.65200000,0.65200000,0.65200000,0.65200000,65.60000000,1667971319999,42.77120000,1,0.00000000,0.00000000,0
407,1667971320000,0.65200000,0.65200000,0.65200000,0.65200000,0.00000000,1667971379999,0.00000000,0,0.00000000,0.00000000,0
408,1667971380000,0.65400000,0.65400000,0.65400000,0.65400000,30.60000000,1667971439999,20.01240000,1,30.60000000,20.01240000,0
409,1667971440000,0.65200000,0.65200000,0.65200000,0.65200000,28.20000000,1667971499999,18.38640000,2,0.00000000,0.00000000,0
410,1667971500000,0.65200000,0.65200000,0.65200000,0.65200000,522.10000000,1667971559999,340.40920000,10,244.30000000,159.28360000,0
411,1667971560000,0.65300000,0.65400000,0.65300000,0.65400000,436.20000000,1667971619999,284.90710000,8,436.20000000,284.90710000,0
412,1667971620000,0.65400000,0.65500000,0.65400000,0.65500000,1546.80000000,1667971679999,1011.71340000,17,1530.00000000,1000.72620000,0
413,1667971680000,0.65500000,0.65500000,0.65500000,0.65500000,551.90000000,1667971739999,361.49450000,7,551.90000000,361.49450000,0
414,1667971740000,0.65600000,0.65600000,0.65600000,0.65600000,133.00000000,1667971799999,87.24800000,5,133.00000000,87.24800000,0
415,1667971800000,0.65600000,0.65900000,0.65600000,0.65800000,6388.60000000,1667971859999,4196.96920000,23,5109.40000000,3356.39510000,0
416,1667971860000,0.65800000,0.65800000,0.65700000,0.65700000,380.40000000,1667971919999,249.99200000,7,0.00000000,0.00000000,0
417,1667971920000,0.65700000,0.65700000,0.65600000,0.65600000,624.00000000,1667971979999,409.94320000,9,0.00000000,0.00000000,0
418,1667971980000,0.65600000,0.65600000,0.65600000,0.65600000,308.30000000,1667972039999,202.24480000,2,0.00000000,0.00000000,0
419,1667972040000,0.65800000,0.65800000,0.65800000,0.65800000,75.80000000,1667972099999,49.87640000,3,75.80000000,49.87640000,0
420,1667972100000,0.65800000,0.65800000,0.65800000,0.65800000,0.00000000,1667972159999,0.00000000,0,0.00000000,0.00000000,0
421,1667972160000,0.65800000,0.65800000,0.65800000,0.65800000,0.00000000,1667972219999,0.00000000,0,0.00000000,0.00000000,0
422,1667972220000,0.65700000,0.65700000,0.65700000,0.65700000,29.00000000,1667972279999,19.05300000,1,0.00000000,0.00000000,0
423,1667972280000,0.65700000,0.65800000,0.65500000,0.65800000,8427.70000000,1667972339999,5526.36480000,26,1794.90000000,1177.28530000,0
424,1667972340000,0.65700000,0.65700000,0.65600000,0.65600000,28.70000000,1667972399999,18.84250000,2,0.00000000,0.00000000,0
425,1667972400000,0.65800000,0.65800000,0.65800000,0.65800000,16.70000000,1667972459999,10.98860000,1,16.70000000,10.98860000,0
426,1667972460000,0.65800000,0.65800000,0.65600000,0.65800000,206.40000000,1667972519999,135.75060000,5,176.10000000,115.87380000,0
427,1667972520000,0.65600000,0.65800000,0.65600000,0.65800000,47.10000000,1667972579999,30.95840000,2,30.40000000,20.00320000,0
428,1667972580000,0.65800000,0.65900000,0.65800000,0.65900000,266.60000000,1667972639999,175.47250000,5,266.60000000,175.47250000,0
429,1667972640000,0.65900000,0.65900000,0.65900000,0.65900000,602.80000000,1667972699999,397.24520000,6,425.70000000,280.53630000,0
430,1667972700000,0.66000000,0.66000000,0.65900000,0.66000000,1862.90000000,1667972759999,1229.15840000,11,984.50000000,649.77000000,0
431,1667972760000,0.66100000,0.66100000,0.65900000,0.66100000,217.90000000,1667972819999,143.87270000,5,138.30000000,91.41630000,0
432,1667972820000,0.65900000,0.66100000,0.65900000,0.65900000,120.50000000,1667972879999,79.46650000,3,28.50000000,18.83850000,0
433,1667972880000,0.66100000,0.66100000,0.66100000,0.66100000,654.60000000,1667972939999,432.69060000,5,654.60000000,432.69060000,0
434,1667972940000,0.66000000,0.66000000,0.66000000,0.66000000,100.00000000,1667972999999,66.00000000,2,35.00000000,23.10000000,0
435,1667973000000,0.66100000,0.66100000,0.66100000,0.66100000,380.70000000,1667973059999,251.64270000,4,380.70000000,251.64270000,0
436,1667973060000,0.66000000,0.66000000,0.66000000,0.66000000,25.70000000,1667973119999,16.96200000,1,0.00000000,0.00000000,0
437,1667973120000,0.66000000,0.66000000,0.65800000,0.65900000,755.20000000,1667973179999,497.75110000,10,0.00000000,0.00000000,0
438,1667973180000,0.65800000,0.65800000,0.65800000,0.65800000,104.80000000,1667973239999,68.95840000,2,0.00000000,0.00000000,0
439,1667973240000,0.65800000,0.65800000,0.65700000,0.65800000,722.80000000,1667973299999,475.40860000,7,107.00000000,70.40600000,0
440,1667973300000,0.65700000,0.65800000,0.65700000,0.65800000,398.50000000,1667973359999,261.96640000,4,151.90000000,99.95020000,0
441,1667973360000,0.65800000,0.65800000,0.65800000,0.65800000,30.50000000,1667973419999,20.06900000,1,30.50000000,20.06900000,0
442,1667973420000,0.65700000,0.65700000,0.65600000,0.65600000,1622.20000000,1667973479999,1065.60320000,13,1203.80000000,790.89660000,0
443,1667973480000,0.65600000,0.65600000,0.65600000,0.65600000,0.00000000,1667973539999,0.00000000,0,0.00000000,0.00000000,0
444,1667973540000,0.65600000,0.65600000,0.65600000,0.65600000,0.00000000,1667973599999,0.00000000,0,0.00000000,0.00000000,0
445,1667973600000,0.65600000,0.65600000,0.65600000,0.65600000,0.00000000,1667973659999,0.00000000,0,0.00000000,0.00000000,0
446,1667973660000,0.65600000,0.65600000,0.65600000,0.65600000,0.00000000,1667973719999,0.00000000,0,0.00000000,0.00000000,0
447,1667973720000,0.65600000,0.65600000,0.65600000,0.65600000,0.00000000,1667973779999,0.00000000,0,0.00000000,0.00000000,0
448,1667973780000,0.65600000,0.65600000,0.65600000,0.65600000,0.00000000,1667973839999,0.00000000,0,0.00000000,0.00000000,0
449,1667973840000,0.65700000,0.65700000,0.65700000,0.65700000,28.90000000,1667973899999,18.98730000,1,28.90000000,18.98730000,0
450,1667973900000,0.65700000,0.65700000,0.65700000,0.65700000,89.60000000,1667973959999,58.86720000,3,89.60000000,58.86720000,0
451,1667973960000,0.65700000,0.65700000,0.65700000,0.65700000,0.00000000,1667974019999,0.00000000,0,0.00000000,0.00000000,0
452,1667974020000,0.65700000,0.65800000,0.65700000,0.65800000,157.70000000,1667974079999,103.76030000,5,85.80000000,56.45010000,0
453,1667974080000,0.65800000,0.65800000,0.65800000,0.65800000,0.00000000,1667974139999,0.00000000,0,0.00000000,0.00000000,0
454,1667974140000,0.65900000,0.65900000,0.65900000,0.65900000,105.70000000,1667974199999,69.65630000,1,105.70000000,69.65630000,0
455,1667974200000,0.65700000,0.66000000,0.65700000,0.65800000,2383.70000000,1667974259999,1570.29790000,18,2022.20000000,1332.45500000,0
456,1667974260000,0.65800000,0.65800000,0.65800000,0.65800000,64.60000000,1667974319999,42.50680000,2,0.00000000,0.00000000,0
457,1667974320000,0.65800000,0.65800000,0.65800000,0.65800000,1115.60000000,1667974379999,734.06480000,4,303.90000000,199.96620000,0
458,1667974380000,0.65800000,0.65800000,0.65800000,0.65800000,0.00000000,1667974439999,0.00000000,0,0.00000000,0.00000000,0
459,1667974440000,0.65800000,0.65800000,0.65800000,0.65800000,0.00000000,1667974499999,0.00000000,0,0.00000000,0.00000000,0
460,1667974500000,0.65900000,0.65900000,0.65900000,0.65900000,30.50000000,1667974559999,20.09950000,1,30.50000000,20.09950000,0
461,1667974560000,0.65900000,0.66000000,0.65900000,0.65900000,189.50000000,1667974619999,124.91090000,4,120.50000000,79.43990000,0
462,1667974620000,0.65800000,0.65800000,0.65800000,0.65800000,52.30000000,1667974679999,34.41340000,2,0.00000000,0.00000000,0
463,1667974680000,0.65800000,0.65800000,0.65800000,0.65800000,166.10000000,1667974739999,109.29380000,3,0.00000000,0.00000000,0
464,1667974740000,0.65800000,0.65800000,0.65700000,0.65700000,1042.60000000,1667974799999,685.55810000,8,245.40000000,161.33370000,0
465,1667974800000,0.65600000,0.65600000,0.65300000,0.65600000,3114.00000000,1667974859999,2038.06860000,20,154.60000000,101.41760000,0
466,1667974860000,0.65600000,0.65600000,0.65600000,0.65600000,30.50000000,1667974919999,20.00800000,1,30.50000000,20.00800000,0
467,1667974920000,0.65600000,0.65600000,0.65600000,0.65600000,0.00000000,1667974979999,0.00000000,0,0.00000000,0.00000000,0
468,1667974980000,0.65600000,0.65600000,0.65600000,0.65600000,0.00000000,1667975039999,0.00000000,0,0.00000000,0.00000000,0
469,1667975040000,0.65500000,0.65500000,0.65500000,0.65500000,43.30000000,1667975099999,28.36150000,1,0.00000000,0.00000000,0
470,1667975100000,0.65600000,0.65600000,0.65600000,0.65600000,59.20000000,1667975159999,38.83520000,2,59.20000000,38.83520000,0
471,1667975160000,0.65600000,0.65600000,0.65600000,0.65600000,480.60000000,1667975219999,315.27360000,5,387.40000000,254.13440000,0
472,1667975220000,0.65700000,0.65700000,0.65700000,0.65700000,81.20000000,1667975279999,53.34840000,2,81.20000000,53.34840000,0
473,1667975280000,0.65700000,0.65700000,0.65700000,0.65700000,0.00000000,1667975339999,0.00000000,0,0.00000000,0.00000000,0
474,1667975340000,0.65700000,0.65700000,0.65700000,0.65700000,51.20000000,1667975399999,33.63840000,2,51.20000000,33.63840000,0
475,1667975400000,0.65700000,0.65700000,0.65700000,0.65700000,0.00000000,1667975459999,0.00000000,0,0.00000000,0.00000000,0
476,1667975460000,0.65700000,0.65700000,0.65700000,0.65700000,30.40000000,1667975519999,19.97280000,1,30.40000000,19.97280000,0
477,1667975520000,0.65700000,0.65700000,0.65700000,0.65700000,0.00000000,1667975579999,0.00000000,0,0.00000000,0.00000000,0
478,1667975580000,0.65700000,0.65700000,0.65700000,0.65700000,214.70000000,1667975639999,141.05790000,6,214.70000000,141.05790000,0
479,1667975640000,0.65700000,0.65800000,0.65700000,0.65800000,285.80000000,1667975699999,187.79720000,5,239.80000000,157.57520000,0
480,1667975700000,0.65600000,0.65600000,0.65600000,0.65600000,51.00000000,1667975759999,33.45600000,2,0.00000000,0.00000000,0
481,1667975760000,0.65700000,0.65700000,0.65700000,0.65700000,30.50000000,1667975819999,20.03850000,1,30.50000000,20.03850000,0
482,1667975820000,0.65600000,0.65600000,0.65600000,0.65600000,158.00000000,1667975879999,103.64800000,3,0.00000000,0.00000000,0
483,1667975880000,0.65600000,0.65600000,0.65600000,0.65600000,25.60000000,1667975939999,16.79360000,1,25.60000000,16.79360000,0
484,1667975940000,0.65600000,0.65700000,0.65600000,0.65700000,30.80000000,1667975999999,20.22610000,2,30.80000000,20.22610000,0
485,1667976000000,0.65700000,0.65700000,0.65700000,0.65700000,38.00000000,1667976059999,24.96600000,1,38.00000000,24.96600000,0
486,1667976060000,0.65700000,0.65700000,0.65700000,0.65700000,0.00000000,1667976119999,0.00000000,0,0.00000000,0.00000000,0
487,1667976120000,0.65700000,0.65700000,0.65700000,0.65700000,0.00000000,1667976179999,0.00000000,0,0.00000000,0.00000000,0
488,1667976180000,0.65700000,0.65700000,0.65700000,0.65700000,0.00000000,1667976239999,0.00000000,0,0.00000000,0.00000000,0
489,1667976240000,0.65700000,0.65700000,0.65700000,0.65700000,91.90000000,1667976299999,60.37830000,2,91.90000000,60.37830000,0
490,1667976300000,0.65800000,0.65800000,0.65800000,0.65800000,153.50000000,1667976359999,101.00300000,2,153.50000000,101.00300000,0
491,1667976360000,0.65600000,0.65700000,0.65300000,0.65700000,6446.30000000,1667976419999,4221.61020000,24,432.70000000,283.92890000,0
492,1667976420000,0.65700000,0.65800000,0.65700000,0.65800000,233.20000000,1667976479999,153.23600000,5,197.50000000,129.78110000,0
493,1667976480000,0.65600000,0.65700000,0.65200000,0.65600000,5893.30000000,1667976539999,3857.18130000,31,577.30000000,378.73930000,0
494,1667976540000,0.65500000,0.65600000,0.65300000,0.65600000,3213.10000000,1667976599999,2100.98160000,18,304.10000000,199.48960000,0
495,1667976600000,0.65600000,0.65600000,0.65600000,0.65600000,213.20000000,1667976659999,139.85920000,2,213.20000000,139.85920000,0
496,1667976660000,0.65600000,0.65600000,0.65600000,0.65600000,0.00000000,1667976719999,0.00000000,0,0.00000000,0.00000000,0
497,1667976720000,0.65600000,0.65600000,0.65600000,0.65600000,0.00000000,1667976779999,0.00000000,0,0.00000000,0.00000000,0
498,1667976780000,0.65500000,0.65500000,0.65500000,0.65500000,213.20000000,1667976839999,139.64600000,3,0.00000000,0.00000000,0
499,1667976840000,0.65500000,0.65500000,0.65300000,0.65300000,816.90000000,1667976899999,534.63340000,8,490.70000000,321.32900000,0
500,1667976900000,0.65500000,0.65500000,0.65500000,0.65500000,33.60000000,1667976959999,22.00800000,1,33.60000000,22.00800000,0
501,1667976960000,0.65400000,0.65400000,0.65400000,0.65400000,170.10000000,1667977019999,111.24540000,1,170.10000000,111.24540000,0
502,1667977020000,0.65400000,0.65400000,0.65400000,0.65400000,0.00000000,1667977079999,0.00000000,0,0.00000000,0.00000000,0
503,1667977080000,0.65400000,0.65400000,0.65400000,0.65400000,0.00000000,1667977139999,0.00000000,0,0.00000000,0.00000000,0
504,1667977140000,0.65300000,0.65300000,0.65300000,0.65300000,933.20000000,1667977199999,609.37960000,7,600.00000000,391.80000000,0
505,1667977200000,0.65300000,0.65300000,0.65000000,0.65200000,8172.20000000,1667977259999,5316.60980000,41,2337.70000000,1521.42760000,0
506,1667977260000,0.65200000,0.65200000,0.65200000,0.65200000,267.70000000,1667977319999,174.54040000,3,267.70000000,174.54040000,0
507,1667977320000,0.65200000,0.65200000,0.65200000,0.65200000,60.80000000,1667977379999,39.64160000,2,60.80000000,39.64160000,0
508,1667977380000,0.65200000,0.65300000,0.65200000,0.65300000,200.00000000,1667977439999,130.42150000,6,86.50000000,56.41950000,0
509,1667977440000,0.65300000,0.65300000,0.65300000,0.65300000,1011.90000000,1667977499999,660.77070000,7,858.70000000,560.73110000,0
510,1667977500000,0.65300000,0.65300000,0.65300000,0.65300000,33.60000000,1667977559999,21.94080000,1,0.00000000,0.00000000,0
511,1667977560000,0.65300000,0.65300000,0.65300000,0.65300000,0.00000000,1667977619999,0.00000000,0,0.00000000,0.00000000,0
512,1667977620000,0.65300000,0.65300000,0.65300000,0.65300000,0.00000000,1667977679999,0.00000000,0,0.00000000,0.00000000,0
513,1667977680000,0.65300000,0.65300000,0.65300000,0.65300000,0.00000000,1667977739999,0.00000000,0,0.00000000,0.00000000,0
514,1667977740000,0.65400000,0.65400000,0.65400000,0.65400000,30.60000000,1667977799999,20.01240000,1,30.60000000,20.01240000,0
515,1667977800000,0.65300000,0.65300000,0.65300000,0.65300000,1963.40000000,1667977859999,1282.10020000,4,0.00000000,0.00000000,0
516,1667977860000,0.65200000,0.65400000,0.65200000,0.65400000,67.30000000,1667977919999,43.91300000,2,16.70000000,10.92180000,0
517,1667977920000,0.65400000,0.65400000,0.65400000,0.65400000,0.00000000,1667977979999,0.00000000,0,0.00000000,0.00000000,0
518,1667977980000,0.65400000,0.65400000,0.65400000,0.65400000,0.00000000,1667978039999,0.00000000,0,0.00000000,0.00000000,0
519,1667978040000,0.65400000,0.65400000,0.65400000,0.65400000,0.00000000,1667978099999,0.00000000,0,0.00000000,0.00000000,0
520,1667978100000,0.65400000,0.65400000,0.65400000,0.65400000,0.00000000,1667978159999,0.00000000,0,0.00000000,0.00000000,0
521,1667978160000,0.65200000,0.65300000,0.65200000,0.65200000,799.30000000,1667978219999,521.17430000,7,30.70000000,20.04710000,0
522,1667978220000,0.65200000,0.65200000,0.65200000,0.65200000,0.00000000,1667978279999,0.00000000,0,0.00000000,0.00000000,0
523,1667978280000,0.65200000,0.65300000,0.65200000,0.65300000,48.60000000,1667978339999,31.71130000,2,48.60000000,31.71130000,0
524,1667978340000,0.65300000,0.65300000,0.65300000,0.65300000,0.00000000,1667978399999,0.00000000,0,0.00000000,0.00000000,0
525,1667978400000,0.65300000,0.65300000,0.65300000,0.65300000,0.00000000,1667978459999,0.00000000,0,0.00000000,0.00000000,0
526,1667978460000,0.65300000,0.65300000,0.65300000,0.65300000,0.00000000,1667978519999,0.00000000,0,0.00000000,0.00000000,0
527,1667978520000,0.65300000,0.65300000,0.65300000,0.65300000,0.00000000,1667978579999,0.00000000,0,0.00000000,0.00000000,0
528,1667978580000,0.65300000,0.65300000,0.65300000,0.65300000,0.00000000,1667978639999,0.00000000,0,0.00000000,0.00000000,0
529,1667978640000,0.65300000,0.65300000,0.65300000,0.65300000,0.00000000,1667978699999,0.00000000,0,0.00000000,0.00000000,0
530,1667978700000,0.65100000,0.65100000,0.65100000,0.65100000,1196.10000000,1667978759999,778.66110000,1,0.00000000,0.00000000,0
531,1667978760000,0.65100000,0.65300000,0.65100000,0.65300000,55.80000000,1667978819999,36.37320000,2,23.70000000,15.47610000,0
532,1667978820000,0.65300000,0.65300000,0.65300000,0.65300000,0.00000000,1667978879999,0.00000000,0,0.00000000,0.00000000,0
533,1667978880000,0.65100000,0.65100000,0.65100000,0.65100000,30.00000000,1667978939999,19.53000000,1,0.00000000,0.00000000,0
534,1667978940000,0.65100000,0.65100000,0.65100000,0.65100000,0.00000000,1667978999999,0.00000000,0,0.00000000,0.00000000,0
535,1667979000000,0.65300000,0.65300000,0.65300000,0.65300000,59.80000000,1667979059999,39.04940000,2,59.80000000,39.04940000,0
536,1667979060000,0.65100000,0.65300000,0.65100000,0.65300000,68.00000000,1667979119999,44.29900000,2,15.50000000,10.12150000,0
537,1667979120000,0.65100000,0.65100000,0.65100000,0.65100000,30.40000000,1667979179999,19.79040000,1,0.00000000,0.00000000,0
538,1667979180000,0.65100000,0.65100000,0.65100000,0.65100000,0.00000000,1667979239999,0.00000000,0,0.00000000,0.00000000,0
539,1667979240000,0.65300000,0.65300000,0.65300000,0.65300000,29.70000000,1667979299999,19.39410000,1,29.70000000,19.39410000,0
540,1667979300000,0.65300000,0.65300000,0.65300000,0.65300000,0.00000000,1667979359999,0.00000000,0,0.00000000,0.00000000,0
541,1667979360000,0.65100000,0.65100000,0.65100000,0.65100000,1361.60000000,1667979419999,886.40160000,11,196.40000000,127.85640000,0
542,1667979420000,0.65100000,0.65200000,0.65100000,0.65100000,1291.50000000,1667979479999,840.86650000,12,100.00000000,65.20000000,0
543,1667979480000,0.65100000,0.65200000,0.65100000,0.65100000,380.70000000,1667979539999,248.06480000,8,229.10000000,149.37320000,0
544,1667979540000,0.65100000,0.65100000,0.65100000,0.65100000,15.40000000,1667979599999,10.02540000,1,0.00000000,0.00000000,0
545,1667979600000,0.65200000,0.65200000,0.65200000,0.65200000,378.70000000,1667979659999,246.91240000,5,378.70000000,246.91240000,0
546,1667979660000,0.65200000,0.65200000,0.65200000,0.65200000,0.00000000,1667979719999,0.00000000,0,0.00000000,0.00000000,0
547,1667979720000,0.65100000,0.65100000,0.65100000,0.65100000,428.40000000,1667979779999,278.88840000,1,0.00000000,0.00000000,0
548,1667979780000,0.65100000,0.65100000,0.65100000,0.65100000,96.60000000,1667979839999,62.88660000,3,0.00000000,0.00000000,0
549,1667979840000,0.65000000,0.65000000,0.65000000,0.65000000,24.50000000,1667979899999,15.92500000,1,0.00000000,0.00000000,0
550,1667979900000,0.65000000,0.65100000,0.65000000,0.65100000,2194.30000000,1667979959999,1428.43930000,10,2113.90000000,1376.14890000,0
551,1667979960000,0.65100000,0.65100000,0.65100000,0.65100000,0.00000000,1667980019999,0.00000000,0,0.00000000,0.00000000,0
552,1667980020000,0.65100000,0.65100000,0.65100000,0.65100000,0.00000000,1667980079999,0.00000000,0,0.00000000,0.00000000,0
553,1667980080000,0.65200000,0.65200000,0.65100000,0.65100000,4909.10000000,1667980139999,3195.90070000,18,76.60000000,49.94320000,0
554,1667980140000,0.65100000,0.65100000,0.65100000,0.65100000,288.90000000,1667980199999,188.07390000,4,0.00000000,0.00000000,0
555,1667980200000,0.65100000,0.65100000,0.65100000,0.65100000,0.00000000,1667980259999,0.00000000,0,0.00000000,0.00000000,0
556,1667980260000,0.65100000,0.65100000,0.65100000,0.65100000,756.50000000,1667980319999,492.48150000,1,0.00000000,0.00000000,0
557,1667980320000,0.65200000,0.65200000,0.65200000,0.65200000,23.20000000,1667980379999,15.12640000,1,23.20000000,15.12640000,0
558,1667980380000,0.65200000,0.65200000,0.65200000,0.65200000,0.00000000,1667980439999,0.00000000,0,0.00000000,0.00000000,0
559,1667980440000,0.65100000,0.65100000,0.65100000,0.65100000,17.50000000,1667980499999,11.39250000,1,0.00000000,0.00000000,0
560,1667980500000,0.65100000,0.65100000,0.65100000,0.65100000,0.00000000,1667980559999,0.00000000,0,0.00000000,0.00000000,0
561,1667980560000,0.65100000,0.65100000,0.65100000,0.65100000,0.00000000,1667980619999,0.00000000,0,0.00000000,0.00000000,0
562,1667980620000,0.65100000,0.65100000,0.65100000,0.65100000,0.00000000,1667980679999,0.00000000,0,0.00000000,0.00000000,0
563,1667980680000,0.65100000,0.65100000,0.65100000,0.65100000,29.60000000,1667980739999,19.26960000,1,0.00000000,0.00000000,0
564,1667980740000,0.65100000,0.65100000,0.65100000,0.65100000,110.70000000,1667980799999,72.06570000,1,0.00000000,0.00000000,0
565,1667980800000,0.65100000,0.65100000,0.65100000,0.65100000,154.00000000,1667980859999,100.25400000,3,0.00000000,0.00000000,0
566,1667980860000,0.65100000,0.65100000,0.65100000,0.65100000,321.20000000,1667980919999,209.10120000,5,0.00000000,0.00000000,0
567,1667980920000,0.65100000,0.65100000,0.64900000,0.65000000,2796.20000000,1667980979999,1818.94720000,24,100.00000000,65.00000000,0
568,1667980980000,0.64900000,0.64900000,0.64900000,0.64900000,155.00000000,1667981039999,100.59500000,2,0.00000000,0.00000000,0
569,1667981040000,0.64900000,0.64900000,0.64700000,0.64700000,3198.20000000,1667981099999,2071.96230000,31,1476.30000000,955.88800000,0
570,1667981100000,0.64800000,0.64800000,0.64700000,0.64700000,79.40000000,1667981159999,51.39620000,2,24.40000000,15.81120000,0
571,1667981160000,0.64700000,0.64700000,0.64700000,0.64700000,0.00000000,1667981219999,0.00000000,0,0.00000000,0.00000000,0
572,1667981220000,0.64700000,0.64700000,0.64700000,0.64700000,100.80000000,1667981279999,65.21760000,4,0.00000000,0.00000000,0
573,1667981280000,0.64800000,0.64800000,0.64800000,0.64800000,27.70000000,1667981339999,17.94960000,1,27.70000000,17.94960000,0
574,1667981340000,0.64800000,0.64800000,0.64800000,0.64800000,0.00000000,1667981399999,0.00000000,0,0.00000000,0.00000000,0
575,1667981400000,0.64800000,0.64800000,0.64800000,0.64800000,0.00000000,1667981459999,0.00000000,0,0.00000000,0.00000000,0
576,1667981460000,0.64800000,0.64800000,0.64800000,0.64800000,0.00000000,1667981519999,0.00000000,0,0.00000000,0.00000000,0
577,1667981520000,0.64600000,0.64600000,0.64500000,0.64500000,2097.30000000,1667981579999,1353.98950000,20,0.00000000,0.00000000,0
578,1667981580000,0.64500000,0.64600000,0.64500000,0.64500000,2320.50000000,1667981639999,1496.76090000,14,72.10000000,46.54290000,0
579,1667981640000,0.64600000,0.64600000,0.64400000,0.64500000,130.10000000,1667981699999,83.90820000,3,107.00000000,69.03180000,0
580,1667981700000,0.64500000,0.64500000,0.64400000,0.64400000,69.10000000,1667981759999,44.53090000,5,30.50000000,19.67250000,0
581,1667981760000,0.64500000,0.64500000,0.64500000,0.64500000,1051.10000000,1667981819999,677.95950000,14,1051.10000000,677.95950000,0
582,1667981820000,0.64500000,0.64500000,0.64500000,0.64500000,0.00000000,1667981879999,0.00000000,0,0.00000000,0.00000000,0
583,1667981880000,0.64400000,0.64400000,0.64400000,0.64400000,19.60000000,1667981939999,12.62240000,1,0.00000000,0.00000000,0
584,1667981940000,0.64600000,0.64600000,0.63700000,0.63900000,33177.80000000,1667981999999,21233.16940000,128,25140.40000000,16088.68210000,0
585,1667982000000,0.63900000,0.64000000,0.63900000,0.64000000,373.40000000,1667982059999,238.81960000,4,217.00000000,138.88000000,0
586,1667982060000,0.64000000,0.64000000,0.64000000,0.64000000,1125.10000000,1667982119999,720.06400000,4,1125.10000000,720.06400000,0
587,1667982120000,0.64000000,0.64000000,0.63800000,0.63800000,940.10000000,1667982179999,600.95080000,5,583.50000000,373.44000000,0
588,1667982180000,0.63800000,0.64000000,0.63000000,0.63500000,88663.30000000,1667982239999,56043.37160000,158,50335.00000000,31758.91040000,0
589,1667982240000,0.63500000,0.63600000,0.63500000,0.63500000,1389.70000000,1667982299999,882.47660000,14,1389.70000000,882.47660000,0
590,1667982300000,0.63600000,0.63600000,0.63500000,0.63500000,5181.80000000,1667982359999,3290.55030000,16,123.50000000,78.52980000,0
591,1667982360000,0.63400000,0.63400000,0.63400000,0.63400000,368.80000000,1667982419999,233.81920000,3,0.00000000,0.00000000,0
592,1667982420000,0.63300000,0.63500000,0.63300000,0.63400000,2477.10000000,1667982479999,1570.67750000,14,1994.60000000,1264.79600000,0
593,1667982480000,0.63400000,0.63500000,0.63300000,0.63300000,3967.00000000,1667982539999,2514.89380000,27,716.20000000,454.78700000,0
594,1667982540000,0.63500000,0.63500000,0.63500000,0.63500000,99.70000000,1667982599999,63.30950000,4,99.70000000,63.30950000,0
595,1667982600000,0.63500000,0.63500000,0.63500000,0.63500000,179.60000000,1667982659999,114.04600000,3,179.60000000,114.04600000,0
596,1667982660000,0.63400000,0.63400000,0.63100000,0.63200000,2083.20000000,1667982719999,1317.89440000,21,183.70000000,116.12840000,0
597,1667982720000,0.63300000,0.63300000,0.63200000,0.63200000,854.30000000,1667982779999,539.94820000,7,30.60000000,19.36980000,0
598,1667982780000,0.63200000,0.63200000,0.62900000,0.63000000,2988.60000000,1667982839999,1884.01550000,23,1443.00000000,909.60910000,0
599,1667982840000,0.63000000,0.63000000,0.62800000,0.62900000,2225.00000000,1667982899999,1399.22340000,22,1243.50000000,781.85990000,0
600,1667982900000,0.62800000,0.62900000,0.62800000,0.62800000,1741.20000000,1667982959999,1094.51750000,13,1043.90000000,656.61310000,0
601,1667982960000,0.62800000,0.62900000,0.62800000,0.62900000,292.20000000,1667983019999,183.76390000,5,262.30000000,164.98670000,0
602,1667983020000,0.62900000,0.62900000,0.62800000,0.62800000,173.90000000,1667983079999,109.28810000,6,78.90000000,49.62810000,0
603,1667983080000,0.62800000,0.62800000,0.62700000,0.62800000,1092.00000000,1667983139999,685.75320000,7,23.00000000,14.44400000,0
604,1667983140000,0.62800000,0.62800000,0.62700000,0.62800000,1537.10000000,1667983199999,963.99290000,18,231.20000000,145.19360000,0
605,1667983200000,0.62700000,0.62800000,0.62600000,0.62700000,652.80000000,1667983259999,408.95010000,10,49.50000000,31.06840000,0
606,1667983260000,0.62800000,0.62900000,0.62800000,0.62900000,1782.80000000,1667983319999,1119.65000000,21,1682.30000000,1056.53600000,0
607,1667983320000,0.62900000,0.63000000,0.62900000,0.63000000,1523.40000000,1667983379999,958.26870000,17,1523.40000000,958.26870000,0
608,1667983380000,0.63000000,0.63100000,0.63000000,0.63100000,2099.60000000,1667983439999,1322.87740000,14,1181.90000000,744.72640000,0
609,1667983440000,0.63000000,0.63100000,0.63000000,0.63100000,383.50000000,1667983499999,241.63420000,3,29.20000000,18.42520000,0
610,1667983500000,0.63000000,0.63100000,0.63000000,0.63100000,1606.10000000,1667983559999,1011.86840000,9,25.40000000,16.02740000,0
611,1667983560000,0.63000000,0.63000000,0.62900000,0.63000000,1282.50000000,1667983619999,807.48610000,10,84.40000000,53.17200000,0
612,1667983620000,0.63000000,0.63000000,0.62900000,0.62900000,3875.10000000,1667983679999,2437.63900000,14,201.10000000,126.69300000,0
613,1667983680000,0.62800000,0.62800000,0.62800000,0.62800000,755.80000000,1667983739999,474.64240000,2,0.00000000,0.00000000,0
614,1667983740000,0.62800000,0.62800000,0.62800000,0.62800000,51.60000000,1667983799999,32.40480000,2,0.00000000,0.00000000,0
615,1667983800000,0.62900000,0.62900000,0.62900000,0.62900000,122.30000000,1667983859999,76.92670000,2,122.30000000,76.92670000,0
616,1667983860000,0.62800000,0.62800000,0.62700000,0.62700000,885.70000000,1667983919999,556.19600000,10,199.10000000,125.03480000,0
617,1667983920000,0.62800000,0.62800000,0.62700000,0.62700000,207.90000000,1667983979999,130.40140000,4,48.10000000,30.20680000,0
618,1667983980000,0.62700000,0.62700000,0.62600000,0.62700000,2878.00000000,1667984039999,1804.47570000,19,0.00000000,0.00000000,0
619,1667984040000,0.62700000,0.62700000,0.62700000,0.62700000,20.00000000,1667984099999,12.54000000,1,0.00000000,0.00000000,0
620,1667984100000,0.62700000,0.62700000,0.62700000,0.62700000,0.00000000,1667984159999,0.00000000,0,0.00000000,0.00000000,0
621,1667984160000,0.62600000,0.62700000,0.62600000,0.62600000,627.10000000,1667984219999,392.59650000,4,31.90000000,20.00130000,0
622,1667984220000,0.62700000,0.62800000,0.62700000,0.62800000,1562.90000000,1667984279999,980.23830000,12,1562.90000000,980.23830000,0
623,1667984280000,0.62800000,0.62800000,0.62800000,0.62800000,25.60000000,1667984339999,16.07680000,1,25.60000000,16.07680000,0
624,1667984340000,0.62800000,0.62800000,0.62800000,0.62800000,0.00000000,1667984399999,0.00000000,0,0.00000000,0.00000000,0
625,1667984400000,0.62800000,0.62800000,0.62800000,0.62800000,0.00000000,1667984459999,0.00000000,0,0.00000000,0.00000000,0
626,1667984460000,0.62700000,0.62700000,0.62700000,0.62700000,968.40000000,1667984519999,607.18680000,6,0.00000000,0.00000000,0
627,1667984520000,0.62700000,0.62700000,0.62700000,0.62700000,26.00000000,1667984579999,16.30200000,1,26.00000000,16.30200000,0
628,1667984580000,0.62700000,0.62700000,0.62700000,0.62700000,0.00000000,1667984639999,0.00000000,0,0.00000000,0.00000000,0
629,1667984640000,0.62700000,0.62700000,0.62600000,0.62600000,134.40000000,1667984699999,84.24600000,3,111.60000000,69.97320000,0
630,1667984700000,0.62600000,0.62600000,0.62500000,0.62600000,3904.00000000,1667984759999,2443.20040000,20,857.50000000,536.11510000,0
631,1667984760000,0.62500000,0.62600000,0.62400000,0.62600000,2339.00000000,1667984819999,1462.27170000,21,1811.20000000,1132.63120000,0
632,1667984820000,0.62400000,0.62600000,0.62400000,0.62600000,2660.60000000,1667984879999,1660.49260000,14,211.60000000,132.31660000,0
633,1667984880000,0.62400000,0.62800000,0.61200000,0.62200000,23947.20000000,1667984939999,14859.31880000,132,8682.00000000,5410.39290000,0
634,1667984940000,0.62500000,0.62500000,0.62300000,0.62300000,188.30000000,1667984999999,117.36610000,3,27.60000000,17.25000000,0
635,1667985000000,0.62300000,0.62400000,0.62000000,0.62100000,3616.80000000,1667985059999,2246.34830000,22,146.20000000,90.96840000,0
636,1667985060000,0.62100000,0.62100000,0.61500000,0.61800000,6679.30000000,1667985119999,4128.30620000,40,1038.80000000,643.03260000,0
637,1667985120000,0.61800000,0.61800000,0.61700000,0.61800000,1585.10000000,1667985179999,978.05100000,5,44.30000000,27.37740000,0
638,1667985180000,0.61700000,0.61700000,0.61700000,0.61700000,399.50000000,1667985239999,246.49150000,2,0.00000000,0.00000000,0
639,1667985240000,0.61700000,0.61700000,0.61700000,0.61700000,0.00000000,1667985299999,0.00000000,0,0.00000000,0.00000000,0
640,1667985300000,0.61800000,0.61800000,0.61600000,0.61700000,1891.00000000,1667985359999,1166.91950000,10,596.50000000,368.27460000,0
641,1667985360000,0.61700000,0.61700000,0.61700000,0.61700000,182.00000000,1667985419999,112.29400000,2,182.00000000,112.29400000,0
642,1667985420000,0.61700000,0.61700000,0.61700000,0.61700000,0.00000000,1667985479999,0.00000000,0,0.00000000,0.00000000,0
643,1667985480000,0.61600000,0.61600000,0.61600000,0.61600000,1590.60000000,1667985539999,979.80960000,17,0.00000000,0.00000000,0
644,1667985540000,0.61500000,0.61500000,0.61500000,0.61500000,807.10000000,1667985599999,496.36650000,9,0.00000000,0.00000000,0
645,1667985600000,0.61500000,0.61500000,0.61500000,0.61500000,1748.80000000,1667985659999,1075.51200000,16,1748.80000000,1075.51200000,0
646,1667985660000,0.61500000,0.61600000,0.61500000,0.61600000,5968.50000000,1667985719999,3672.29560000,33,5418.40000000,3333.98410000,0
647,1667985720000,0.61700000,0.61900000,0.61700000,0.61900000,3716.70000000,1667985779999,2296.31970000,29,2671.30000000,1649.36690000,0
648,1667985780000,0.62000000,0.62000000,0.61900000,0.61900000,194.70000000,1667985839999,120.54920000,2,194.70000000,120.54920000,0
649,1667985840000,0.62000000,0.62100000,0.61900000,0.62100000,468.90000000,1667985899999,290.74090000,8,446.00000000,276.56580000,0
650,1667985900000,0.61900000,0.61900000,0.61900000,0.61900000,367.50000000,1667985959999,227.48250000,2,0.00000000,0.00000000,0
651,1667985960000,0.62000000,0.62000000,0.61800000,0.61900000,1480.10000000,1667986019999,916.12270000,13,60.80000000,37.69600000,0
652,1667986020000,0.61900000,0.61900000,0.61900000,0.61900000,0.00000000,1667986079999,0.00000000,0,0.00000000,0.00000000,0
653,1667986080000,0.61800000,0.61800000,0.61800000,0.61800000,2379.90000000,1667986139999,1470.77820000,15,988.50000000,610.89300000,0
654,1667986140000,0.61800000,0.61800000,0.61800000,0.61800000,194.50000000,1667986199999,120.20100000,2,194.50000000,120.20100000,0
655,1667986200000,0.61800000,0.61800000,0.61700000,0.61700000,1304.10000000,1667986259999,805.91160000,9,1281.90000000,792.21420000,0
656,1667986260000,0.61700000,0.61700000,0.61600000,0.61600000,2055.30000000,1667986319999,1268.08950000,12,0.00000000,0.00000000,0
657,1667986320000,0.61600000,0.61600000,0.61500000,0.61500000,4018.20000000,1667986379999,2472.09140000,8,0.00000000,0.00000000,0
658,1667986380000,0.61600000,0.61600000,0.61600000,0.61600000,248.20000000,1667986439999,152.89120000,2,100.00000000,61.60000000,0
659,1667986440000,0.61500000,0.61600000,0.61500000,0.61600000,447.80000000,1667986499999,275.58520000,5,188.20000000,115.93120000,0
660,1667986500000,0.61600000,0.61600000,0.61500000,0.61500000,470.40000000,1667986559999,289.61910000,2,323.10000000,199.02960000,0
661,1667986560000,0.61600000,0.61600000,0.61600000,0.61600000,266.20000000,1667986619999,163.97920000,5,185.20000000,114.08320000,0
662,1667986620000,0.61600000,0.61600000,0.61600000,0.61600000,32.50000000,1667986679999,20.02000000,1,32.50000000,20.02000000,0
663,1667986680000,0.61500000,0.61500000,0.61500000,0.61500000,184.60000000,1667986739999,113.52900000,3,0.00000000,0.00000000,0
664,1667986740000,0.61400000,0.61500000,0.61300000,0.61500000,1145.20000000,1667986799999,703.61790000,11,481.60000000,296.18400000,0
665,1667986800000,0.61500000,0.61500000,0.61500000,0.61500000,0.00000000,1667986859999,0.00000000,0,0.00000000,0.00000000,0
666,1667986860000,0.61500000,0.61500000,0.61500000,0.61500000,0.00000000,1667986919999,0.00000000,0,0.00000000,0.00000000,0
667,1667986920000,0.61500000,0.61500000,0.61300000,0.61400000,300.20000000,1667986979999,184.08190000,6,43.10000000,26.47960000,0
668,1667986980000,0.61300000,0.61300000,0.61300000,0.61300000,111.80000000,1667987039999,68.53340000,2,0.00000000,0.00000000,0
669,1667987040000,0.61300000,0.61300000,0.61300000,0.61300000,0.00000000,1667987099999,0.00000000,0,0.00000000,0.00000000,0
670,1667987100000,0.61300000,0.61300000,0.61200000,0.61200000,165.10000000,1667987159999,101.17580000,4,134.60000000,82.50980000,0
671,1667987160000,0.61200000,0.61200000,0.61200000,0.61200000,620.30000000,1667987219999,379.62360000,8,0.00000000,0.00000000,0
672,1667987220000,0.61100000,0.61100000,0.61100000,0.61100000,136.20000000,1667987279999,83.21820000,2,0.00000000,0.00000000,0
673,1667987280000,0.61100000,0.61100000,0.61000000,0.61100000,891.10000000,1667987339999,544.40170000,10,497.50000000,303.97250000,0
674,1667987340000,0.61000000,0.61100000,0.60900000,0.61000000,619.70000000,1667987399999,378.06320000,7,167.10000000,102.00120000,0
675,1667987400000,0.61000000,0.61000000,0.61000000,0.61000000,408.70000000,1667987459999,249.30700000,2,408.70000000,249.30700000,0
676,1667987460000,0.60900000,0.60900000,0.60800000,0.60800000,596.00000000,1667987519999,362.88990000,7,0.00000000,0.00000000,0
677,1667987520000,0.61000000,0.61000000,0.60800000,0.60800000,197.70000000,1667987579999,120.46620000,4,132.30000000,80.70300000,0
678,1667987580000,0.60800000,0.61000000,0.60400000,0.60500000,24905.00000000,1667987639999,15072.14070000,59,19672.60000000,11903.03250000,0
679,1667987640000,0.60600000,0.60600000,0.60500000,0.60500000,165.80000000,1667987699999,100.45810000,5,149.10000000,90.35460000,0
680,1667987700000,0.60500000,0.60700000,0.60400000,0.60700000,1387.30000000,1667987759999,840.45520000,16,991.70000000,601.29960000,0
681,1667987760000,0.60500000,0.60500000,0.60500000,0.60500000,102.10000000,1667987819999,61.77050000,3,0.00000000,0.00000000,0
682,1667987820000,0.60700000,0.60700000,0.60600000,0.60600000,920.90000000,1667987879999,558.92130000,9,732.10000000,444.38470000,0
683,1667987880000,0.60500000,0.60500000,0.60500000,0.60500000,220.00000000,1667987939999,133.10000000,4,0.00000000,0.00000000,0
684,1667987940000,0.60600000,0.60700000,0.60600000,0.60700000,1353.40000000,1667987999999,821.47360000,14,1353.40000000,821.47360000,0
685,1667988000000,0.60800000,0.61100000,0.60800000,0.61000000,2643.40000000,1667988059999,1609.39670000,28,2175.10000000,1323.73370000,0
686,1667988060000,0.61000000,0.61000000,0.60900000,0.60900000,213.90000000,1667988119999,130.43820000,5,65.30000000,39.83300000,0
687,1667988120000,0.60900000,0.61100000,0.60900000,0.60900000,817.50000000,1667988179999,497.89750000,10,20.00000000,12.22000000,0
688,1667988180000,0.60800000,0.60800000,0.60800000,0.60800000,996.10000000,1667988239999,605.62880000,6,256.60000000,156.01280000,0
689,1667988240000,0.60900000,0.60900000,0.60700000,0.60700000,248.80000000,1667988299999,151.34780000,5,163.10000000,99.32790000,0
690,1667988300000,0.60900000,0.60900000,0.60700000,0.60700000,701.60000000,1667988359999,426.00280000,9,65.80000000,40.07220000,0
691,1667988360000,0.60600000,0.60700000,0.60500000,0.60700000,1899.10000000,1667988419999,1150.30210000,18,170.60000000,103.42270000,0
692,1667988420000,0.60600000,0.60600000,0.60400000,0.60500000,1802.70000000,1667988479999,1089.77320000,18,631.10000000,381.84860000,0
693,1667988480000,0.60500000,0.60500000,0.60300000,0.60500000,1037.80000000,1667988539999,627.61820000,14,805.80000000,487.50900000,0
694,1667988540000,0.60500000,0.60500000,0.60500000,0.60500000,100.00000000,1667988599999,60.50000000,1,100.00000000,60.50000000,0
695,1667988600000,0.60400000,0.60400000,0.60400000,0.60400000,437.80000000,1667988659999,264.43120000,3,437.80000000,264.43120000,0
696,1667988660000,0.60300000,0.60300000,0.60100000,0.60200000,1347.30000000,1667988719999,811.67420000,19,121.60000000,73.30790000,0
697,1667988720000,0.60100000,0.60200000,0.60000000,0.60200000,1467.30000000,1667988779999,881.27090000,16,25.60000000,15.41120000,0
698,1667988780000,0.60200000,0.60200000,0.60000000,0.60000000,333.90000000,1667988839999,200.90000000,6,252.40000000,151.94480000,0
699,1667988840000,0.60000000,0.60100000,0.60000000,0.60100000,2591.10000000,1667988899999,1556.22910000,6,1569.10000000,943.02910000,0
700,1667988900000,0.60000000,0.60200000,0.60000000,0.60200000,5485.40000000,1667988959999,3297.68960000,27,1188.80000000,715.39760000,0
701,1667988960000,0.60200000,0.60300000,0.60200000,0.60300000,2793.70000000,1667989019999,1681.84520000,4,37.80000000,22.79340000,0
702,1667989020000,0.60300000,0.60300000,0.60200000,0.60200000,796.40000000,1667989079999,479.60750000,17,174.70000000,105.34410000,0
703,1667989080000,0.60200000,0.60300000,0.60000000,0.60000000,2675.40000000,1667989139999,1609.31970000,24,81.90000000,49.38570000,0
704,1667989140000,0.60000000,0.60000000,0.60000000,0.60000000,31.70000000,1667989199999,19.02000000,1,0.00000000,0.00000000,0
705,1667989200000,0.60000000,0.60000000,0.60000000,0.60000000,403.60000000,1667989259999,242.16000000,8,0.00000000,0.00000000,0
706,1667989260000,0.60000000,0.60200000,0.60000000,0.60200000,968.20000000,1667989319999,581.11540000,10,162.70000000,97.81540000,0
707,1667989320000,0.60000000,0.60300000,0.60000000,0.60200000,1156.70000000,1667989379999,696.07650000,15,667.70000000,402.23450000,0
708,1667989380000,0.60200000,0.60300000,0.60000000,0.60000000,2295.70000000,1667989439999,1380.88410000,21,621.70000000,374.88510000,0
709,1667989440000,0.60200000,0.60200000,0.60000000,0.60200000,2809.40000000,1667989499999,1686.48660000,16,423.30000000,254.82660000,0
710,1667989500000,0.60300000,0.60300000,0.60100000,0.60200000,409.60000000,1667989559999,246.40100000,9,179.80000000,108.29120000,0
711,1667989560000,0.60200000,0.60300000,0.60100000,0.60100000,647.30000000,1667989619999,389.27910000,10,158.40000000,95.45020000,0
712,1667989620000,0.60000000,0.60100000,0.59900000,0.60100000,2808.20000000,1667989679999,1684.66130000,19,33.30000000,20.01330000,0
713,1667989680000,0.59900000,0.59900000,0.59900000,0.59900000,34.60000000,1667989739999,20.72540000,2,0.00000000,0.00000000,0
714,1667989740000,0.59900000,0.60000000,0.59900000,0.60000000,636.60000000,1667989799999,381.46470000,9,331.20000000,198.53010000,0
715,1667989800000,0.60000000,0.60100000,0.60000000,0.60100000,764.80000000,1667989859999,459.38590000,14,716.60000000,430.41770000,0
716,1667989860000,0.60000000,0.60100000,0.59900000,0.60000000,2133.30000000,1667989919999,1280.24300000,17,326.20000000,196.01280000,0
717,1667989920000,0.59900000,0.60100000,0.59900000,0.59900000,250.40000000,1667989979999,150.21340000,4,195.20000000,117.14860000,0
718,1667989980000,0.60100000,0.60100000,0.59900000,0.59900000,652.60000000,1667990039999,391.51940000,6,578.70000000,347.25330000,0
719,1667990040000,0.59900000,0.59900000,0.59900000,0.59900000,0.00000000,1667990099999,0.00000000,0,0.00000000,0.00000000,0
720,1667990100000,0.60100000,0.60100000,0.59800000,0.59800000,2640.60000000,1667990159999,1582.05880000,19,1285.90000000,770.61810000,0
721,1667990160000,0.60000000,0.60000000,0.59900000,0.60000000,626.80000000,1667990219999,375.88390000,12,430.70000000,258.42000000,0
722,1667990220000,0.60100000,0.60200000,0.60000000,0.60200000,1352.20000000,1667990279999,812.95540000,16,741.00000000,445.58780000,0
723,1667990280000,0.60300000,0.60500000,0.60300000,0.60500000,3697.60000000,1667990339999,2235.35210000,27,1676.20000000,1012.84490000,0
724,1667990340000,0.60400000,0.60600000,0.60400000,0.60600000,263.30000000,1667990399999,159.19920000,4,83.00000000,50.29800000,0
725,1667990400000,0.60600000,0.60800000,0.60500000,0.60700000,4417.40000000,1667990459999,2680.59880000,29,4139.30000000,2512.28330000,0
726,1667990460000,0.60500000,0.60600000,0.60400000,0.60600000,1248.40000000,1667990519999,755.54410000,14,330.00000000,199.98000000,0
727,1667990520000,0.60500000,0.60600000,0.60500000,0.60500000,795.60000000,1667990579999,481.42060000,11,550.30000000,333.01410000,0
728,1667990580000,0.60400000,0.60400000,0.60400000,0.60400000,72.80000000,1667990639999,43.97120000,3,0.00000000,0.00000000,0
729,1667990640000,0.60600000,0.60700000,0.60500000,0.60500000,994.10000000,1667990699999,602.39630000,9,936.80000000,567.72980000,0
730,1667990700000,0.60700000,0.60800000,0.60700000,0.60800000,2171.60000000,1667990759999,1318.26120000,9,2171.60000000,1318.26120000,0
731,1667990760000,0.60800000,0.60900000,0.60800000,0.60900000,368.00000000,1667990819999,223.75060000,4,368.00000000,223.75060000,0
732,1667990820000,0.60800000,0.60800000,0.60700000,0.60700000,313.70000000,1667990879999,190.48960000,9,73.70000000,44.80960000,0
733,1667990880000,0.60700000,0.60800000,0.60700000,0.60800000,99.90000000,1667990939999,60.70430000,2,65.00000000,39.52000000,0
734,1667990940000,0.60800000,0.60800000,0.60800000,0.60800000,0.00000000,1667990999999,0.00000000,0,0.00000000,0.00000000,0
735,1667991000000,0.60800000,0.60900000,0.60800000,0.60900000,736.30000000,1667991059999,448.24230000,7,736.30000000,448.24230000,0
736,1667991060000,0.60900000,0.61000000,0.60800000,0.60800000,1461.30000000,1667991119999,889.76080000,8,1248.00000000,760.05640000,0
737,1667991120000,0.60800000,0.61000000,0.60800000,0.61000000,1648.30000000,1667991179999,1003.01950000,14,574.20000000,349.96670000,0
738,1667991180000,0.61000000,0.61000000,0.60800000,0.60800000,49.00000000,1667991239999,29.84200000,2,25.00000000,15.25000000,0
739,1667991240000,0.60800000,0.60800000,0.60800000,0.60800000,0.00000000,1667991299999,0.00000000,0,0.00000000,0.00000000,0
740,1667991300000,0.61000000,0.61100000,0.60900000,0.61100000,933.70000000,1667991359999,570.15380000,17,859.00000000,524.56370000,0
741,1667991360000,0.61200000,0.61300000,0.61200000,0.61300000,2054.20000000,1667991419999,1258.25500000,25,1754.00000000,1074.29520000,0
742,1667991420000,0.61300000,0.61300000,0.61200000,0.61200000,191.70000000,1667991479999,117.48350000,2,0.00000000,0.00000000,0
743,1667991480000,0.61400000,0.61400000,0.61300000,0.61300000,352.90000000,1667991539999,216.65340000,5,325.70000000,199.97980000,0
744,1667991540000,0.61400000,0.61400000,0.61300000,0.61400000,357.70000000,1667991599999,219.46060000,7,328.10000000,201.31580000,0
745,1667991600000,0.61200000,0.61400000,0.61200000,0.61300000,77.40000000,1667991659999,47.43940000,3,16.40000000,10.06960000,0
746,1667991660000,0.61200000,0.61400000,0.61200000,0.61200000,69.30000000,1667991719999,42.44400000,3,16.20000000,9.94680000,0
747,1667991720000,0.61200000,0.61200000,0.61200000,0.61200000,0.00000000,1667991779999,0.00000000,0,0.00000000,0.00000000,0
748,1667991780000,0.61200000,0.61200000,0.61000000,0.61000000,4124.20000000,1667991839999,2521.54890000,43,67.30000000,41.12030000,0
749,1667991840000,0.61000000,0.61000000,0.60900000,0.60900000,791.80000000,1667991899999,482.59840000,7,0.00000000,0.00000000,0
750,1667991900000,0.60900000,0.60900000,0.60900000,0.60900000,0.00000000,1667991959999,0.00000000,0,0.00000000,0.00000000,0
751,1667991960000,0.61100000,0.61100000,0.61100000,0.61100000,136.10000000,1667992019999,83.15710000,3,136.10000000,83.15710000,0
752,1667992020000,0.60900000,0.60900000,0.60900000,0.60900000,184.00000000,1667992079999,112.05600000,4,0.00000000,0.00000000,0
753,1667992080000,0.61100000,0.61100000,0.61100000,0.61100000,851.80000000,1667992139999,520.44980000,5,851.80000000,520.44980000,0
754,1667992140000,0.61200000,0.61200000,0.61000000,0.61000000,268.90000000,1667992199999,164.19220000,3,81.60000000,49.93920000,0
755,1667992200000,0.61000000,0.61000000,0.61000000,0.61000000,0.00000000,1667992259999,0.00000000,0,0.00000000,0.00000000,0
756,1667992260000,0.61200000,0.61200000,0.61200000,0.61200000,455.10000000,1667992319999,278.52120000,8,455.10000000,278.52120000,0
757,1667992320000,0.61200000,0.61200000,0.61200000,0.61200000,327.40000000,1667992379999,200.36880000,6,327.40000000,200.36880000,0
758,1667992380000,0.61300000,0.61300000,0.61300000,0.61300000,522.70000000,1667992439999,320.41510000,7,522.70000000,320.41510000,0
759,1667992440000,0.61300000,0.61300000,0.61300000,0.61300000,25.30000000,1667992499999,15.50890000,1,0.00000000,0.00000000,0
760,1667992500000,0.61400000,0.61900000,0.61400000,0.61600000,16919.40000000,1667992559999,10441.00860000,40,16190.70000000,9992.72940000,0
761,1667992560000,0.61600000,0.61800000,0.61600000,0.61800000,3033.60000000,1667992619999,1873.01540000,13,2359.10000000,1456.17440000,0
762,1667992620000,0.61700000,0.61800000,0.61700000,0.61800000,1126.80000000,1667992679999,695.34720000,20,111.60000000,68.96880000,0
763,1667992680000,0.61700000,0.61700000,0.61700000,0.61700000,142.40000000,1667992739999,87.86080000,4,0.00000000,0.00000000,0
764,1667992740000,0.61700000,0.61700000,0.61500000,0.61600000,1877.80000000,1667992799999,1156.70890000,14,600.00000000,369.60000000,0
765,1667992800000,0.61600000,0.61800000,0.61600000,0.61800000,710.70000000,1667992859999,438.23660000,10,710.70000000,438.23660000,0
766,1667992860000,0.61800000,0.61800000,0.61800000,0.61800000,298.80000000,1667992919999,184.65840000,5,298.80000000,184.65840000,0
767,1667992920000,0.61800000,0.61800000,0.61800000,0.61800000,16.10000000,1667992979999,9.94980000,1,16.10000000,9.94980000,0
768,1667992980000,0.61800000,0.61900000,0.61700000,0.61700000,162.40000000,1667993039999,100.30730000,6,64.70000000,40.02640000,0
769,1667993040000,0.61700000,0.61700000,0.61000000,0.61500000,17604.30000000,1667993099999,10786.88910000,49,2522.30000000,1544.38860000,0
770,1667993100000,0.61500000,0.61700000,0.61500000,0.61700000,4348.00000000,1667993159999,2678.17050000,18,4348.00000000,2678.17050000,0
771,1667993160000,0.61600000,0.61600000,0.61500000,0.61500000,518.80000000,1667993219999,319.09660000,8,0.00000000,0.00000000,0
772,1667993220000,0.61500000,0.61600000,0.61500000,0.61600000,813.20000000,1667993279999,500.17620000,4,600.00000000,369.05820000,0
773,1667993280000,0.61600000,0.61600000,0.61600000,0.61600000,0.00000000,1667993339999,0.00000000,0,0.00000000,0.00000000,0
774,1667993340000,0.61600000,0.61600000,0.61600000,0.61600000,34.20000000,1667993399999,21.06720000,2,34.20000000,21.06720000,0
775,1667993400000,0.61400000,0.61400000,0.61400000,0.61400000,155.40000000,1667993459999,95.41560000,3,0.00000000,0.00000000,0
776,1667993460000,0.61400000,0.61500000,0.61300000,0.61500000,1022.10000000,1667993519999,626.99980000,11,86.50000000,53.14380000,0
777,1667993520000,0.61300000,0.61300000,0.61300000,0.61300000,28.60000000,1667993579999,17.53180000,1,0.00000000,0.00000000,0
778,1667993580000,0.61400000,0.61500000,0.61300000,0.61300000,487.70000000,1667993639999,299.32010000,5,212.50000000,130.62250000,0
779,1667993640000,0.61400000,0.61400000,0.61300000,0.61300000,66.60000000,1667993699999,40.85820000,2,32.40000000,19.89360000,0
780,1667993700000,0.61300000,0.61300000,0.61300000,0.61300000,304.70000000,1667993759999,186.78110000,3,0.00000000,0.00000000,0
781,1667993760000,0.61300000,0.61300000,0.61300000,0.61300000,38.10000000,1667993819999,23.35530000,1,0.00000000,0.00000000,0
782,1667993820000,0.61400000,0.61400000,0.61400000,0.61400000,20.00000000,1667993879999,12.28000000,1,20.00000000,12.28000000,0
783,1667993880000,0.61400000,0.61400000,0.61400000,0.61400000,16.20000000,1667993939999,9.94680000,1,16.20000000,9.94680000,0
784,1667993940000,0.61300000,0.61300000,0.61300000,0.61300000,227.10000000,1667993999999,139.21230000,2,0.00000000,0.00000000,0
785,1667994000000,0.61300000,0.61300000,0.61300000,0.61300000,0.00000000,1667994059999,0.00000000,0,0.00000000,0.00000000,0
786,1667994060000,0.61300000,0.61300000,0.61300000,0.61300000,176.10000000,1667994119999,107.94930000,4,0.00000000,0.00000000,0
787,1667994120000,0.61300000,0.61300000,0.61300000,0.61300000,0.00000000,1667994179999,0.00000000,0,0.00000000,0.00000000,0
788,1667994180000,0.61500000,0.61500000,0.61500000,0.61500000,34.10000000,1667994239999,20.97150000,1,34.10000000,20.97150000,0
789,1667994240000,0.61500000,0.61500000,0.61500000,0.61500000,0.00000000,1667994299999,0.00000000,0,0.00000000,0.00000000,0
790,1667994300000,0.61500000,0.61500000,0.61500000,0.61500000,0.00000000,1667994359999,0.00000000,0,0.00000000,0.00000000,0
791,1667994360000,0.61500000,0.61500000,0.61300000,0.61400000,699.40000000,1667994419999,428.91860000,7,125.70000000,77.24050000,0
792,1667994420000,0.61500000,0.61500000,0.61300000,0.61300000,673.70000000,1667994479999,413.29490000,5,16.70000000,10.27050000,0
793,1667994480000,0.61300000,0.61300000,0.61300000,0.61300000,367.60000000,1667994539999,225.33880000,2,0.00000000,0.00000000,0
794,1667994540000,0.61300000,0.61400000,0.61300000,0.61400000,53.30000000,1667994599999,32.69600000,2,23.10000000,14.18340000,0
795,1667994600000,0.61400000,0.61400000,0.61400000,0.61400000,0.00000000,1667994659999,0.00000000,0,0.00000000,0.00000000,0
796,1667994660000,0.61400000,0.61500000,0.61400000,0.61500000,220.60000000,1667994719999,135.51080000,6,220.60000000,135.51080000,0
797,1667994720000,0.61500000,0.61500000,0.61500000,0.61500000,1075.60000000,1667994779999,661.49400000,9,1075.60000000,661.49400000,0
798,1667994780000,0.61500000,0.61600000,0.61300000,0.61500000,4751.80000000,1667994839999,2918.75580000,27,1418.90000000,872.65170000,0
799,1667994840000,0.61500000,0.61600000,0.61500000,0.61600000,1241.80000000,1667994899999,764.55840000,9,1241.80000000,764.55840000,0
800,1667994900000,0.61600000,0.61600000,0.61600000,0.61600000,104.10000000,1667994959999,64.12560000,4,104.10000000,64.12560000,0
801,1667994960000,0.61600000,0.61700000,0.61600000,0.61700000,523.70000000,1667995019999,322.62750000,6,387.80000000,238.91310000,0
802,1667995020000,0.61600000,0.61600000,0.61600000,0.61600000,99.20000000,1667995079999,61.10720000,3,0.00000000,0.00000000,0
803,1667995080000,0.61700000,0.61700000,0.61700000,0.61700000,1479.60000000,1667995139999,912.91320000,7,1479.60000000,912.91320000,0
804,1667995140000,0.61800000,0.61800000,0.61800000,0.61800000,30.00000000,1667995199999,18.54000000,1,30.00000000,18.54000000,0
805,1667995200000,0.61800000,0.61800000,0.61700000,0.61700000,271.50000000,1667995259999,167.67730000,4,161.80000000,99.99240000,0
806,1667995260000,0.61700000,0.61700000,0.61700000,0.61700000,0.00000000,1667995319999,0.00000000,0,0.00000000,0.00000000,0
807,1667995320000,0.61700000,0.61800000,0.61700000,0.61800000,861.00000000,1667995379999,532.02350000,12,786.50000000,486.05700000,0
808,1667995380000,0.61900000,0.61900000,0.61800000,0.61900000,485.40000000,1667995439999,300.43820000,6,461.00000000,285.35900000,0
809,1667995440000,0.61900000,0.61900000,0.61900000,0.61900000,151.60000000,1667995499999,93.84040000,4,0.00000000,0.00000000,0
810,1667995500000,0.62000000,0.62000000,0.62000000,0.62000000,541.90000000,1667995559999,335.97800000,8,541.90000000,335.97800000,0
811,1667995560000,0.62000000,0.62000000,0.61900000,0.61900000,242.90000000,1667995619999,150.41140000,5,56.30000000,34.90600000,0
812,1667995620000,0.61900000,0.61900000,0.61900000,0.61900000,977.80000000,1667995679999,605.25820000,12,0.00000000,0.00000000,0
813,1667995680000,0.62000000,0.62100000,0.61900000,0.61900000,791.60000000,1667995739999,491.07170000,9,763.50000000,473.67780000,0
814,1667995740000,0.62100000,0.62100000,0.62100000,0.62100000,32.50000000,1667995799999,20.18250000,1,32.50000000,20.18250000,0
815,1667995800000,0.62100000,0.62100000,0.62100000,0.62100000,400.00000000,1667995859999,248.40000000,5,400.00000000,248.40000000,0
816,1667995860000,0.62100000,0.62200000,0.62100000,0.62100000,2652.30000000,1667995919999,1648.12390000,22,1737.10000000,1079.78470000,0
817,1667995920000,0.62100000,0.62100000,0.62100000,0.62100000,0.00000000,1667995979999,0.00000000,0,0.00000000,0.00000000,0
818,1667995980000,0.62100000,0.62100000,0.62100000,0.62100000,104.20000000,1667996039999,64.70820000,1,0.00000000,0.00000000,0
819,1667996040000,0.62200000,0.62200000,0.62200000,0.62200000,100.00000000,1667996099999,62.20000000,2,100.00000000,62.20000000,0
820,1667996100000,0.62200000,0.62200000,0.62000000,0.62000000,376.30000000,1667996159999,233.72550000,8,62.90000000,39.12380000,0
821,1667996160000,0.62000000,0.62000000,0.62000000,0.62000000,942.50000000,1667996219999,584.35000000,8,0.00000000,0.00000000,0
822,1667996220000,0.61900000,0.61900000,0.61900000,0.61900000,2150.80000000,1667996279999,1331.34520000,12,0.00000000,0.00000000,0
823,1667996280000,0.61800000,0.61800000,0.61700000,0.61700000,2071.60000000,1667996339999,1278.84180000,12,1151.00000000,710.60480000,0
824,1667996340000,0.61700000,0.61700000,0.61500000,0.61600000,4154.60000000,1667996399999,2558.66640000,24,2101.30000000,1295.01860000,0
825,1667996400000,0.61600000,0.61600000,0.61400000,0.61600000,2991.00000000,1667996459999,1838.79920000,12,551.60000000,339.46040000,0
826,1667996460000,0.61600000,0.61600000,0.61600000,0.61600000,0.00000000,1667996519999,0.00000000,0,0.00000000,0.00000000,0
827,1667996520000,0.61600000,0.61600000,0.61600000,0.61600000,28.50000000,1667996579999,17.55600000,1,28.50000000,17.55600000,0
828,1667996580000,0.61400000,0.61500000,0.61400000,0.61500000,154.10000000,1667996639999,94.74180000,2,124.40000000,76.50600000,0
829,1667996640000,0.61500000,0.61500000,0.61500000,0.61500000,0.00000000,1667996699999,0.00000000,0,0.00000000,0.00000000,0
830,1667996700000,0.61500000,0.61500000,0.61500000,0.61500000,0.00000000,1667996759999,0.00000000,0,0.00000000,0.00000000,0
831,1667996760000,0.61500000,0.61500000,0.61500000,0.61500000,48.50000000,1667996819999,29.82750000,2,48.50000000,29.82750000,0
832,1667996820000,0.61500000,0.61500000,0.61500000,0.61500000,29.10000000,1667996879999,17.89650000,1,29.10000000,17.89650000,0
833,1667996880000,0.61400000,0.61500000,0.61300000,0.61300000,504.30000000,1667996939999,309.63320000,11,155.20000000,95.31070000,0
834,1667996940000,0.61300000,0.61300000,0.61300000,0.61300000,712.20000000,1667996999999,436.57860000,3,0.00000000,0.00000000,0
835,1667997000000,0.61400000,0.61400000,0.61400000,0.61400000,1051.80000000,1667997059999,645.80520000,10,1051.80000000,645.80520000,0
836,1667997060000,0.61400000,0.61400000,0.61400000,0.61400000,162.20000000,1667997119999,99.59080000,2,162.20000000,99.59080000,0
837,1667997120000,0.61500000,0.61500000,0.61500000,0.61500000,262.00000000,1667997179999,161.13000000,7,262.00000000,161.13000000,0
838,1667997180000,0.61500000,0.61500000,0.61500000,0.61500000,17.80000000,1667997239999,10.94700000,1,17.80000000,10.94700000,0
839,1667997240000,0.61500000,0.61500000,0.61500000,0.61500000,355.80000000,1667997299999,218.81700000,5,355.80000000,218.81700000,0
840,1667997300000,0.61500000,0.61500000,0.61500000,0.61500000,173.80000000,1667997359999,106.88700000,3,173.80000000,106.88700000,0
841,1667997360000,0.61500000,0.61500000,0.61500000,0.61500000,55.80000000,1667997419999,34.31700000,2,55.80000000,34.31700000,0
842,1667997420000,0.61600000,0.61600000,0.61600000,0.61600000,16.20000000,1667997479999,9.97920000,1,16.20000000,9.97920000,0
843,1667997480000,0.61600000,0.61600000,0.61600000,0.61600000,93.00000000,1667997539999,57.28800000,3,93.00000000,57.28800000,0
844,1667997540000,0.61600000,0.62000000,0.61600000,0.61800000,8434.50000000,1667997599999,5211.26620000,40,5003.70000000,3091.77800000,0
845,1667997600000,0.61800000,0.61800000,0.61800000,0.61800000,325.30000000,1667997659999,201.03540000,3,0.00000000,0.00000000,0
846,1667997660000,0.61800000,0.61800000,0.61700000,0.61800000,261.80000000,1667997719999,161.66060000,4,0.00000000,0.00000000,0
847,1667997720000,0.61700000,0.61800000,0.61700000,0.61800000,358.40000000,1667997779999,221.15800000,4,25.20000000,15.57360000,0
848,1667997780000,0.61700000,0.61700000,0.61700000,0.61700000,162.00000000,1667997839999,99.95400000,2,97.00000000,59.84900000,0
849,1667997840000,0.61800000,0.61800000,0.61800000,0.61800000,87.90000000,1667997899999,54.32220000,2,87.90000000,54.32220000,0
850,1667997900000,0.61800000,0.61800000,0.61800000,0.61800000,0.00000000,1667997959999,0.00000000,0,0.00000000,0.00000000,0
851,1667997960000,0.61800000,0.61800000,0.61800000,0.61800000,0.00000000,1667998019999,0.00000000,0,0.00000000,0.00000000,0
852,1667998020000,0.61800000,0.62000000,0.61800000,0.62000000,1169.80000000,1667998079999,724.25280000,14,897.80000000,555.90230000,0
853,1667998080000,0.62000000,0.62000000,0.61600000,0.61800000,3809.50000000,1667998139999,2357.90520000,25,2245.00000000,1390.44680000,0
854,1667998140000,0.61900000,0.62600000,0.61800000,0.61900000,48564.10000000,1667998199999,30199.20720000,193,32757.40000000,20388.30220000,0
855,1667998200000,0.61900000,0.61900000,0.61900000,0.61900000,0.00000000,1667998259999,0.00000000,0,0.00000000,0.00000000,0
856,1667998260000,0.61800000,0.61900000,0.61300000,0.61600000,7521.70000000,1667998319999,4630.84950000,34,1021.90000000,629.53870000,0
857,1667998320000,0.61700000,0.61800000,0.61700000,0.61800000,583.90000000,1667998379999,360.32380000,7,583.90000000,360.32380000,0
858,1667998380000,0.61600000,0.61600000,0.61600000,0.61600000,947.70000000,1667998439999,583.78320000,5,0.00000000,0.00000000,0
859,1667998440000,0.61500000,0.61600000,0.61500000,0.61500000,1211.40000000,1667998499999,745.04360000,10,32.60000000,20.08160000,0
860,1667998500000,0.61500000,0.61500000,0.61400000,0.61400000,665.40000000,1667998559999,408.86060000,8,0.00000000,0.00000000,0
861,1667998560000,0.61400000,0.61400000,0.61100000,0.61200000,4954.50000000,1667998619999,3034.64930000,35,722.10000000,441.36940000,0
862,1667998620000,0.61200000,0.61200000,0.61200000,0.61200000,40.00000000,1667998679999,24.48000000,1,0.00000000,0.00000000,0
863,1667998680000,0.61200000,0.61200000,0.61200000,0.61200000,1655.50000000,1667998739999,1013.16600000,6,0.00000000,0.00000000,0
864,1667998740000,0.61300000,0.61400000,0.61300000,0.61400000,785.00000000,1667998799999,481.56490000,8,785.00000000,481.56490000,0
865,1667998800000,0.61400000,0.61500000,0.61400000,0.61500000,419.80000000,1667998859999,258.07710000,9,319.90000000,196.73850000,0
866,1667998860000,0.61500000,0.61500000,0.61500000,0.61500000,424.60000000,1667998919999,261.12900000,5,424.60000000,261.12900000,0
867,1667998920000,0.61500000,0.61500000,0.61500000,0.61500000,65.00000000,1667998979999,39.97500000,1,65.00000000,39.97500000,0
868,1667998980000,0.61500000,0.61500000,0.61500000,0.61500000,967.50000000,1667999039999,595.01250000,5,0.00000000,0.00000000,0
869,1667999040000,0.61500000,0.61500000,0.61500000,0.61500000,0.00000000,1667999099999,0.00000000,0,0.00000000,0.00000000,0
870,1667999100000,0.61300000,0.61400000,0.61300000,0.61300000,288.10000000,1667999159999,176.70470000,5,99.40000000,61.03160000,0
871,1667999160000,0.61300000,0.61300000,0.61100000,0.61100000,1304.60000000,1667999219999,799.01990000,19,404.80000000,247.85580000,0
872,1667999220000,0.61100000,0.61100000,0.61100000,0.61100000,775.20000000,1667999279999,473.64720000,6,155.30000000,94.88830000,0
873,1667999280000,0.61100000,0.61100000,0.61000000,0.61000000,191.80000000,1667999339999,117.16160000,4,0.00000000,0.00000000,0
874,1667999340000,0.61000000,0.61000000,0.60900000,0.60900000,2001.50000000,1667999399999,1219.81300000,23,454.50000000,277.24500000,0
875,1667999400000,0.60900000,0.60900000,0.60900000,0.60900000,221.30000000,1667999459999,134.77170000,7,72.90000000,44.39610000,0
876,1667999460000,0.60900000,0.60900000,0.60900000,0.60900000,478.20000000,1667999519999,291.22380000,3,478.20000000,291.22380000,0
877,1667999520000,0.61000000,0.61100000,0.61000000,0.61100000,574.20000000,1667999579999,350.37590000,6,411.20000000,250.94590000,0
878,1667999580000,0.61000000,0.61000000,0.61000000,0.61000000,94.30000000,1667999639999,57.52300000,1,0.00000000,0.00000000,0
879,1667999640000,0.61100000,0.61500000,0.61100000,0.61100000,11018.00000000,1667999699999,6757.08780000,56,5912.20000000,3624.77940000,0
880,1667999700000,0.61300000,0.61300000,0.61100000,0.61100000,364.00000000,1667999759999,222.46920000,5,32.60000000,19.98380000,0
881,1667999760000,0.61000000,0.61000000,0.60900000,0.60900000,1226.70000000,1667999819999,748.16700000,9,0.00000000,0.00000000,0
882,1667999820000,0.61100000,0.61100000,0.61000000,0.61000000,423.80000000,1667999879999,258.54820000,4,423.80000000,258.54820000,0
883,1667999880000,0.61000000,0.61000000,0.61000000,0.61000000,16.50000000,1667999939999,10.06500000,1,16.50000000,10.06500000,0
884,1667999940000,0.61000000,0.61000000,0.60900000,0.61000000,768.30000000,1667999999999,468.53770000,9,643.00000000,392.23000000,0
885,1668000000000,0.61000000,0.61100000,0.61000000,0.61100000,1679.50000000,1668000059999,1024.88280000,20,1679.50000000,1024.88280000,0
886,1668000060000,0.61000000,0.61200000,0.61000000,0.61200000,331.80000000,1668000119999,202.45460000,5,28.30000000,17.31960000,0
887,1668000120000,0.61100000,0.61100000,0.61000000,0.61000000,303.60000000,1668000179999,185.22400000,4,28.00000000,17.10800000,0
888,1668000180000,0.61000000,0.61100000,0.61000000,0.61100000,123.50000000,1668000239999,75.36540000,2,30.40000000,18.57440000,0
889,1668000240000,0.61100000,0.61100000,0.61100000,0.61100000,0.00000000,1668000299999,0.00000000,0,0.00000000,0.00000000,0
890,1668000300000,0.61100000,0.61100000,0.61100000,0.61100000,229.00000000,1668000359999,139.91900000,2,65.00000000,39.71500000,0
891,1668000360000,0.61000000,0.61000000,0.61000000,0.61000000,877.30000000,1668000419999,535.15300000,7,0.00000000,0.00000000,0
892,1668000420000,0.61000000,0.61000000,0.61000000,0.61000000,0.00000000,1668000479999,0.00000000,0,0.00000000,0.00000000,0
893,1668000480000,0.60900000,0.61000000,0.60900000,0.61000000,886.10000000,1668000539999,540.49340000,9,858.50000000,523.68500000,0
894,1668000540000,0.61000000,0.61000000,0.61000000,0.61000000,100.00000000,1668000599999,61.00000000,1,100.00000000,61.00000000,0
895,1668000600000,0.61000000,0.61000000,0.61000000,0.61000000,403.60000000,1668000659999,246.19600000,3,403.60000000,246.19600000,0
896,1668000660000,0.61000000,0.61100000,0.61000000,0.61100000,784.90000000,1668000719999,479.44530000,8,784.90000000,479.44530000,0
897,1668000720000,0.61000000,0.61000000,0.61000000,0.61000000,46.60000000,1668000779999,28.42600000,1,0.00000000,0.00000000,0
898,1668000780000,0.61100000,0.61100000,0.61000000,0.61000000,585.70000000,1668000839999,357.30420000,4,27.20000000,16.61920000,0
899,1668000840000,0.61000000,0.61000000,0.61000000,0.61000000,442.70000000,1668000899999,270.04700000,3,0.00000000,0.00000000,0
900,1668000900000,0.61000000,0.61000000,0.61000000,0.61000000,34.70000000,1668000959999,21.16700000,2,34.70000000,21.16700000,0
901,1668000960000,0.60900000,0.60900000,0.60900000,0.60900000,3215.70000000,1668001019999,1958.36130000,22,452.80000000,275.75520000,0
902,1668001020000,0.60900000,0.60900000,0.60800000,0.60800000,266.40000000,1668001079999,161.98760000,9,16.40000000,9.98760000,0
903,1668001080000,0.60800000,0.60800000,0.60800000,0.60800000,0.00000000,1668001139999,0.00000000,0,0.00000000,0.00000000,0
904,1668001140000,0.60800000,0.60800000,0.60800000,0.60800000,0.00000000,1668001199999,0.00000000,0,0.00000000,0.00000000,0
905,1668001200000,0.60800000,0.60800000,0.60800000,0.60800000,0.00000000,1668001259999,0.00000000,0,0.00000000,0.00000000,0
906,1668001260000,0.60800000,0.60800000,0.60800000,0.60800000,0.00000000,1668001319999,0.00000000,0,0.00000000,0.00000000,0
907,1668001320000,0.60900000,0.61100000,0.60900000,0.61100000,1385.20000000,1668001379999,844.57150000,14,1385.20000000,844.57150000,0
908,1668001380000,0.61100000,0.61200000,0.61100000,0.61100000,284.80000000,1668001439999,174.06830000,6,185.50000000,113.39600000,0
909,1668001440000,0.61200000,0.61200000,0.61100000,0.61100000,143.00000000,1668001499999,87.40550000,4,32.50000000,19.89000000,0
910,1668001500000,0.61100000,0.61100000,0.61100000,0.61100000,0.00000000,1668001559999,0.00000000,0,0.00000000,0.00000000,0
911,1668001560000,0.61100000,0.61100000,0.61000000,0.61000000,921.70000000,1668001619999,563.11960000,11,0.00000000,0.00000000,0
912,1668001620000,0.61000000,0.61100000,0.61000000,0.61100000,554.40000000,1668001679999,338.24900000,5,65.00000000,39.71500000,0
913,1668001680000,0.61100000,0.61100000,0.61100000,0.61100000,0.00000000,1668001739999,0.00000000,0,0.00000000,0.00000000,0
914,1668001740000,0.61000000,0.61100000,0.61000000,0.61100000,676.50000000,1668001799999,412.93900000,3,0.00000000,0.00000000,0
915,1668001800000,0.61100000,0.61200000,0.61100000,0.61100000,651.10000000,1668001859999,398.40990000,8,587.80000000,359.73360000,0
916,1668001860000,0.61100000,0.61100000,0.61100000,0.61100000,152.00000000,1668001919999,92.87200000,2,49.30000000,30.12230000,0
917,1668001920000,0.61000000,0.61200000,0.61000000,0.61200000,283.30000000,1668001979999,173.17850000,4,249.40000000,152.49950000,0
918,1668001980000,0.61000000,0.61000000,0.60900000,0.60900000,3067.60000000,1668002039999,1868.56550000,21,1454.60000000,885.85140000,0
919,1668002040000,0.60900000,0.60900000,0.60900000,0.60900000,2131.80000000,1668002099999,1298.26620000,8,2131.80000000,1298.26620000,0
920,1668002100000,0.60900000,0.60900000,0.60900000,0.60900000,1826.70000000,1668002159999,1112.46030000,5,1826.70000000,1112.46030000,0
921,1668002160000,0.60900000,0.60900000,0.60900000,0.60900000,1109.10000000,1668002219999,675.44190000,6,0.00000000,0.00000000,0
922,1668002220000,0.60900000,0.60900000,0.60900000,0.60900000,0.00000000,1668002279999,0.00000000,0,0.00000000,0.00000000,0
923,1668002280000,0.60800000,0.60800000,0.60500000,0.60700000,5472.30000000,1668002339999,3317.23470000,37,879.00000000,533.55300000,0
924,1668002340000,0.60600000,0.60800000,0.60600000,0.60800000,96.10000000,1668002399999,58.29580000,3,29.60000000,17.99680000,0
925,1668002400000,0.60600000,0.60700000,0.60600000,0.60700000,401.60000000,1668002459999,243.49960000,6,130.00000000,78.91000000,0
926,1668002460000,0.60700000,0.60800000,0.60700000,0.60800000,577.10000000,1668002519999,350.72610000,7,426.40000000,259.25120000,0
927,1668002520000,0.60800000,0.60800000,0.60800000,0.60800000,0.00000000,1668002579999,0.00000000,0,0.00000000,0.00000000,0
928,1668002580000,0.60800000,0.60800000,0.60800000,0.60800000,0.00000000,1668002639999,0.00000000,0,0.00000000,0.00000000,0
929,1668002640000,0.60700000,0.60700000,0.60700000,0.60700000,213.20000000,1668002699999,129.41240000,2,0.00000000,0.00000000,0
930,1668002700000,0.60700000,0.60700000,0.60700000,0.60700000,18.10000000,1668002759999,10.98670000,1,18.10000000,10.98670000,0
931,1668002760000,0.60700000,0.60700000,0.60700000,0.60700000,0.00000000,1668002819999,0.00000000,0,0.00000000,0.00000000,0
932,1668002820000,0.60600000,0.60700000,0.60600000,0.60700000,61.50000000,1668002879999,37.30100000,2,32.00000000,19.42400000,0
933,1668002880000,0.60700000,0.60700000,0.60700000,0.60700000,0.00000000,1668002939999,0.00000000,0,0.00000000,0.00000000,0
934,1668002940000,0.60700000,0.60800000,0.60700000,0.60800000,86.10000000,1668002999999,52.29550000,2,32.80000000,19.94240000,0
935,1668003000000,0.60800000,0.60800000,0.60800000,0.60800000,0.00000000,1668003059999,0.00000000,0,0.00000000,0.00000000,0
936,1668003060000,0.60800000,0.61000000,0.60800000,0.61000000,1223.70000000,1668003119999,744.88830000,12,1142.20000000,695.25480000,0
937,1668003120000,0.61000000,0.61000000,0.61000000,0.61000000,0.00000000,1668003179999,0.00000000,0,0.00000000,0.00000000,0
938,1668003180000,0.61000000,0.61000000,0.61000000,0.61000000,0.00000000,1668003239999,0.00000000,0,0.00000000,0.00000000,0
939,1668003240000,0.60900000,0.60900000,0.60900000,0.60900000,909.90000000,1668003299999,554.12910000,4,0.00000000,0.00000000,0
940,1668003300000,0.60800000,0.60800000,0.60600000,0.60600000,2152.30000000,1668003359999,1308.35840000,21,0.00000000,0.00000000,0
941,1668003360000,0.60800000,0.60800000,0.60800000,0.60800000,148.20000000,1668003419999,90.10560000,3,18.20000000,11.06560000,0
942,1668003420000,0.60800000,0.60800000,0.60700000,0.60700000,152.90000000,1668003479999,92.93470000,2,124.40000000,75.63520000,0
943,1668003480000,0.60700000,0.60700000,0.60700000,0.60700000,0.00000000,1668003539999,0.00000000,0,0.00000000,0.00000000,0
944,1668003540000,0.60700000,0.60700000,0.60600000,0.60600000,633.50000000,1668003599999,384.23420000,5,0.00000000,0.00000000,0
945,1668003600000,0.60700000,0.60700000,0.60700000,0.60700000,130.00000000,1668003659999,78.91000000,3,0.00000000,0.00000000,0
946,1668003660000,0.60600000,0.60700000,0.60600000,0.60700000,61.90000000,1668003719999,37.54520000,2,33.80000000,20.51660000,0
947,1668003720000,0.60800000,0.60800000,0.60800000,0.60800000,200.50000000,1668003779999,121.90400000,4,200.50000000,121.90400000,0
948,1668003780000,0.60800000,0.60800000,0.60800000,0.60800000,424.10000000,1668003839999,257.85280000,2,424.10000000,257.85280000,0
949,1668003840000,0.60800000,0.60800000,0.60800000,0.60800000,0.00000000,1668003899999,0.00000000,0,0.00000000,0.00000000,0
950,1668003900000,0.60800000,0.60800000,0.60800000,0.60800000,0.00000000,1668003959999,0.00000000,0,0.00000000,0.00000000,0
951,1668003960000,0.60700000,0.60700000,0.60600000,0.60600000,304.60000000,1668004019999,184.68820000,6,0.00000000,0.00000000,0
952,1668004020000,0.60600000,0.60600000,0.60500000,0.60500000,1540.50000000,1668004079999,932.54590000,20,404.00000000,244.57470000,0
953,1668004080000,0.60500000,0.60500000,0.60500000,0.60500000,879.00000000,1668004139999,531.79500000,5,879.00000000,531.79500000,0
954,1668004140000,0.60500000,0.60500000,0.60500000,0.60500000,0.00000000,1668004199999,0.00000000,0,0.00000000,0.00000000,0
955,1668004200000,0.60500000,0.60500000,0.60500000,0.60500000,168.60000000,1668004259999,102.00300000,1,168.60000000,102.00300000,0
956,1668004260000,0.60500000,0.60500000,0.60500000,0.60500000,0.00000000,1668004319999,0.00000000,0,0.00000000,0.00000000,0
957,1668004320000,0.60400000,0.60400000,0.60200000,0.60300000,2413.60000000,1668004379999,1455.81580000,21,281.50000000,169.74450000,0
958,1668004380000,0.60200000,0.60200000,0.60000000,0.60100000,6529.20000000,1668004439999,3924.08410000,24,3638.70000000,2186.85870000,0
959,1668004440000,0.60100000,0.60100000,0.60100000,0.60100000,367.60000000,1668004499999,220.92760000,2,367.60000000,220.92760000,0
960,1668004500000,0.60100000,0.60300000,0.60100000,0.60200000,5692.50000000,1668004559999,3422.53530000,29,5692.50000000,3422.53530000,0
961,1668004560000,0.60200000,0.60200000,0.60200000,0.60200000,32.00000000,1668004619999,19.26400000,1,32.00000000,19.26400000,0
962,1668004620000,0.60100000,0.60100000,0.60100000,0.60100000,3649.40000000,1668004679999,2193.28940000,22,0.00000000,0.00000000,0
963,1668004680000,0.60100000,0.60100000,0.60000000,0.60100000,932.30000000,1668004739999,560.16100000,8,781.00000000,469.38100000,0
964,1668004740000,0.60100000,0.60100000,0.60000000,0.60000000,75.70000000,1668004799999,45.47380000,3,53.80000000,32.33380000,0
965,1668004800000,0.60100000,0.60200000,0.60100000,0.60200000,813.70000000,1668004859999,489.05840000,6,813.70000000,489.05840000,0
966,1668004860000,0.60200000,0.60200000,0.60200000,0.60200000,1378.60000000,1668004919999,829.91720000,10,1378.60000000,829.91720000,0
967,1668004920000,0.60300000,0.60300000,0.60300000,0.60300000,1021.60000000,1668004979999,616.02480000,14,1021.60000000,616.02480000,0
968,1668004980000,0.60300000,0.60400000,0.60300000,0.60400000,1335.80000000,1668005039999,805.96530000,8,857.90000000,517.31370000,0
969,1668005040000,0.60500000,0.60800000,0.60500000,0.60700000,2734.60000000,1668005099999,1658.33430000,20,1066.50000000,645.79760000,0
970,1668005100000,0.60700000,0.61000000,0.60700000,0.60900000,1546.70000000,1668005159999,941.50940000,15,1485.20000000,904.17890000,0
971,1668005160000,0.61000000,0.61000000,0.61000000,0.61000000,2865.80000000,1668005219999,1748.13800000,21,1494.70000000,911.76700000,0
972,1668005220000,0.61000000,0.61000000,0.61000000,0.61000000,343.90000000,1668005279999,209.77900000,6,0.00000000,0.00000000,0
973,1668005280000,0.61100000,0.61100000,0.61100000,0.61100000,1204.70000000,1668005339999,736.07170000,10,502.30000000,306.90530000,0
974,1668005340000,0.61000000,0.61100000,0.61000000,0.61000000,834.10000000,1668005399999,509.12630000,6,325.30000000,198.75830000,0
975,1668005400000,0.61000000,0.61000000,0.60900000,0.60900000,5759.70000000,1668005459999,3513.25060000,32,0.00000000,0.00000000,0
976,1668005460000,0.60900000,0.60900000,0.60800000,0.60800000,1147.40000000,1668005519999,698.62740000,17,193.60000000,117.90240000,0
977,1668005520000,0.60800000,0.60800000,0.60700000,0.60800000,1113.00000000,1668005579999,676.54000000,16,410.40000000,249.44120000,0
978,1668005580000,0.60800000,0.60800000,0.60800000,0.60800000,0.00000000,1668005639999,0.00000000,0,0.00000000,0.00000000,0
979,1668005640000,0.60900000,0.61000000,0.60800000,0.61000000,2682.30000000,1668005699999,1635.11700000,24,2335.30000000,1423.48940000,0
980,1668005700000,0.61000000,0.61000000,0.60900000,0.60900000,1009.00000000,1668005759999,615.18510000,10,0.00000000,0.00000000,0
981,1668005760000,0.60900000,0.60900000,0.60900000,0.60900000,750.10000000,1668005819999,456.81090000,7,0.00000000,0.00000000,0
982,1668005820000,0.60800000,0.60800000,0.60500000,0.60700000,1987.40000000,1668005879999,1206.32920000,19,480.40000000,291.75480000,0
983,1668005880000,0.60800000,0.60800000,0.60800000,0.60800000,262.90000000,1668005939999,159.84320000,5,262.90000000,159.84320000,0
984,1668005940000,0.60900000,0.60900000,0.60800000,0.60800000,357.30000000,1668005999999,217.26620000,4,27.80000000,16.93020000,0
985,1668006000000,0.60800000,0.60800000,0.60600000,0.60700000,1006.90000000,1668006059999,611.41650000,12,164.40000000,99.79080000,0
986,1668006060000,0.60800000,0.60800000,0.60800000,0.60800000,61.30000000,1668006119999,37.27040000,1,61.30000000,37.27040000,0
987,1668006120000,0.60800000,0.60900000,0.60800000,0.60900000,546.90000000,1668006179999,332.61520000,14,546.90000000,332.61520000,0
988,1668006180000,0.60900000,0.61000000,0.60800000,0.61000000,1413.30000000,1668006239999,861.26340000,18,1116.00000000,680.08700000,0
989,1668006240000,0.61100000,0.61100000,0.61100000,0.61100000,377.10000000,1668006299999,230.40810000,4,377.10000000,230.40810000,0
990,1668006300000,0.61100000,0.61200000,0.61100000,0.61100000,2788.40000000,1668006359999,1704.10610000,13,458.70000000,280.65940000,0
991,1668006360000,0.61100000,0.61100000,0.61100000,0.61100000,145.20000000,1668006419999,88.71720000,1,0.00000000,0.00000000,0
992,1668006420000,0.61100000,0.61100000,0.61100000,0.61100000,2184.50000000,1668006479999,1334.72950000,7,0.00000000,0.00000000,0
993,1668006480000,0.61200000,0.61200000,0.61100000,0.61100000,3892.30000000,1668006539999,2381.20150000,22,1704.50000000,1043.15400000,0
994,1668006540000,0.61100000,0.61100000,0.61100000,0.61100000,0.00000000,1668006599999,0.00000000,0,0.00000000,0.00000000,0
995,1668006600000,0.61200000,0.61200000,0.61200000,0.61200000,649.50000000,1668006659999,397.49400000,8,518.80000000,317.50560000,0
996,1668006660000,0.61200000,0.61200000,0.61200000,0.61200000,0.00000000,1668006719999,0.00000000,0,0.00000000,0.00000000,0
997,1668006720000,0.61100000,0.61100000,0.61100000,0.61100000,613.80000000,1668006779999,375.03180000,3,0.00000000,0.00000000,0
998,1668006780000,0.61100000,0.61200000,0.61100000,0.61200000,188.70000000,1668006839999,115.40550000,3,109.80000000,67.19760000,0
999,1668006840000,0.61200000,0.61200000,0.61200000,0.61200000,0.00000000,1668006899999,0.00000000,0,0.00000000,0.00000000,0
